# Time-averaged data for fix AVE_xx
# TimeStep c_stress_Au1[1] c_stress_Au2[1] c_stress_Au3[1] c_stress_Au4[1] c_stress_Au5[1] c_stress_Au6[1] c_stress_Au7[1] c_stress_Au8[1] c_stress_Au9[1] c_stress_Au10[1] c_stress_Au11[1] c_stress_Au12[1] c_stress_Au13[1] c_stress_Au14[1] c_stress_Au15[1] c_stress_Au16[1] c_stress_Au17[1] c_stress_Au18[1] c_stress_Au19[1] c_stress_Au20[1] c_stress_Au21[1] c_stress_Au22[1] c_stress_Au23[1] c_stress_Au24[1] c_stress_Au25[1] c_stress_Au26[1] c_stress_Au27[1] c_stress_Au28[1] c_stress_Au29[1] c_stress_Au30[1] c_stress_Au31[1] c_stress_Au32[1] c_stress_Au33[1] c_stress_Au34[1] c_stress_Au35[1] c_stress_Au36[1] c_stress_Au37[1] c_stress_Au38[1] c_stress_Au39[1] c_stress_Au40[1] c_stress_Au41[1] c_stress_Au42[1] c_stress_Au43[1] c_stress_Au44[1] c_stress_Au45[1] c_stress_Au46[1] c_stress_Au47[1] c_stress_Au48[1] c_stress_Au49[1] c_stress_Au50[1] c_stress_Au51[1]
1002000 279.915 3687.56 1065.95 2001.83 3100.4 -2111.17 -2886.37 607.391 2570.78 -791.6 92.1532 71.5397 -5840.72 -5027.46 -5521.34 -5459.26 -4731.38 -5998.15 -3446.32 -8900.03 -5755.22 -4766.75 -3438.6 -6967.14 -3486.35 -3658.16 -2067.98 -2935.67 -2056.87 -2492.37 3705.83 -567.951 963.517 -1131.98 7046.02 4319.46 7140.47 6086.5 4900.76 5469.5 1957.6 1909.18 3608.48 2881.37 2139.21 2897.46 3825.74 5452.82 3058.17 1545.52 2602.21
1004000 -613.263 -4360.79 -4556.26 -9435.98 -2726.81 -1005.57 947.135 -3343.48 -3482.82 -2994.9 -4204.14 -1763.95 -1052.92 -2493.65 -78.0567 -4064.72 1049.92 1969.41 3786.83 7123.23 9445.55 5069.59 3582.11 1408.06 4163.62 4481.23 4403.88 2561.52 6493.11 2311.93 6418.71 3699.02 5686.54 264.067 4977.4 772.883 481.256 -705.076 -1569.67 -3074.06 371.945 -907.1 -4237.83 2365.53 -1816.29 -5349.6 -3006.44 -340.576 -3910.99 -173.033 -2905.48
1006000 -7520.88 3032.12 6818.09 6898.93 5491.4 3391.56 2421.85 -1453.39 1373.11 6168.22 4487.41 4472.06 4579.69 10538.4 8672.34 -1689.67 5428.33 5818.42 6740.58 4099.53 4788.3 607.061 -635.698 1538.03 -2029.16 -5183.75 -2973.3 1793.54 204.674 -7617.08 -7693.17 -7991.71 -2832.09 -9679.9 -8310.18 -12511.9 -7466.19 -4097.49 -2974.19 -3714.65 -895.871 -5198.46 -2481.79 -3452.78 -6796.45 -2307.79 -4015.51 -3982.43 -1090.13 -1803.08 7703.95
1008000 1728.76 4673.95 -611.234 632.55 -3834.37 805.047 -822.294 441.124 211.169 1118.24 45.668 -4515.51 -2450.91 -4105.23 -2734.09 -3322.12 301.116 -5820.63 -5890.35 -4821.84 -1223.5 -2677.69 -3092.32 -5738.43 -5588.39 -2310.11 1015.9 1497.99 -2708.15 -433.676 -3517.01 -2866.66 2290.18 1207.46 4362.03 7817.18 8018.03 2932.58 5036.44 3992.22 4803.69 2356.45 6843.26 5609.58 4429.45 2582.33 3476.5 1058.31 2771.22 -1445.5 3891.43
1010000 -7627.38 -5116.75 -6651.52 -4981.98 -5975.98 -3548.26 -3190.44 -3674.64 -7471.08 -3361.52 -6976.5 -2367.61 -4812.74 -5346 -2642.44 -2870.34 -5895.81 -1619.34 4533.44 5051.1 1547.74 4286.06 2811.25 4934.4 6261.53 7842.32 7546.69 7733.67 8594.7 7487.9 11056.8 4409.97 8076.5 8399.68 3679.13 2715.14 -247.847 -1647.3 -2567.06 -1169.46 -2155.31 -667.505 -1762.67 -1844.84 1740.05 -2088.77 -875.719 111.82 -3016.91 -3346.34 1161.51
1012000 911.016 4175.74 8041.51 3548.4 1601.74 -1864.66 -449.619 -332.78 1216.28 3116.71 1841.07 6210.79 7955.3 5769.12 7513.58 7551.03 8920.88 7193.98 5490.93 3940.54 -737.886 -577.943 -1168.09 1161.55 554.087 3945.45 -3133.98 -1300.76 -3243.42 -4938.46 357.7 -5388.77 -9092.05 -6207.6 -8479.73 -5439.66 -3237.31 -8878.19 -2641.85 -1962.19 -8493.99 -7510.25 -3065.49 -2911.99 -2995.24 -1909.89 -1377.08 -3376.93 990.435 -1915.14 7738.65
1014000 -6585.3 160.182 -3066.56 -3889.94 -496.351 -902.323 1092.68 -2061.04 -2190.15 -2940.57 -1719.1 -2332.75 -3837.08 -2720.34 2835.63 174.793 685.24 -3129.15 -6858.87 -4654.53 -4472.82 -1925.33 -4356.88 -1854.74 -4786.69 -598.014 -2144.34 -1290.87 -3415.17 -2684.29 -1523.76 1123.65 -2292.77 -124.742 5500.49 8607.72 8657.94 2730.84 1043.3 5515.98 2570.79 2863.55 3950.3 988.61 2801.09 3088.63 3295.09 2494.11 4152.63 3102.71 10667.6
1016000 -9800.82 -5313.58 -2947.64 -5905.48 -5325.22 -2643.2 -7319.15 -3494.76 -1605.51 -5536.07 -2027.41 -4775.5 -7017.63 -4242.52 -2876.92 -6188.18 -1734.89 -3814.61 1626.27 5824.02 5216.92 1000.07 1324.69 6618.56 7245.02 6293.85 6577.04 4960.6 6423.88 8746.15 6495.8 4379.75 8535.46 6817.92 6974.83 298.103 -4589.57 -3769.1 -502.547 -3420.79 -4581.45 -4366.17 -868.676 -633.29 125.111 1707.78 914.289 -653.708 -2510.47 -4679.05 3685.01
1018000 1196.14 4902.37 1563.76 1838.34 -2660.88 1642.21 730.07 784.148 3787.8 4699.57 9125.34 10295.2 6833.64 6809.03 6591 7078.21 6946.25 5535.43 1715.42 2597.27 2603.5 1661.49 849.965 -869.619 -5604.91 -4912.11 597.09 -2015.32 -2357.62 -549.897 -4009.88 954.601 -2766.89 -10003.3 -9639.89 -10165.4 -6774.19 -6327.83 -3183.86 -4688.49 -4187.7 1471.17 -1854.62 -302.276 297.308 -3289.68 -4032.55 182.47 -1900.25 1300.57 6851.27
1020000 -4283.46 -4265.85 -3737.5 -970.24 -5035.63 -2284.91 -936.999 -2823.43 -597.081 964.743 53.9404 -2339.9 -1198.87 7369.21 1824.49 -1425.47 -3891.81 -9156.63 -6179.84 -9162.8 -6361.05 -1195.95 -4675.79 -4834.6 -8728.42 -4948.21 -5534.74 -5620.53 -2774.39 -1188.33 -3585.43 1583.09 1432.17 7935.44 8836.45 9279.39 8006.76 5338.09 4630.11 2919.66 2557.73 4826.45 4957.87 1926.83 4678.95 3919.32 2912.38 4931.28 4524.15 297.126 7657.88
1022000 -5585.05 -6013.14 -3431.14 -4642.43 -6611.67 -5765.21 -5684.25 -4090.68 -182.994 -1791.27 -3809.5 -6439.57 -9681.91 -1754.03 -3192.11 -2970.65 -4385.55 -3954.03 -47.6596 2568.71 -477.25 3661.68 4881.24 6604.52 6855.22 6318.54 8645.18 6728.91 9170.72 8503.39 8925.54 8942.98 4931.07 3672.24 4808 2727.7 829.42 454.791 -160.122 -2658.14 -6400.62 -4452.53 -3863.64 -4987.08 -1444.94 -209.069 264.782 3962.79 -1583.62 -1402.95 2891.35
1024000 1710.75 1460.24 1737.75 5009.43 5783.61 7581.09 5635 4112.89 1405.02 2335.37 4336.69 5975.66 5833.3 6412.79 6847.37 7879.55 5757.17 6171.9 6952.64 5898.57 3500.4 2126.63 844.694 -645.957 -1279.7 -3610.31 2713.91 -3895.04 -5534.26 -1032.9 -2716.49 -9412.73 -8893.25 -9094.97 -12537.5 -6252.44 -8701.34 -1225.29 -2210.71 -3126.18 -3153.41 -3992.56 -1742.6 -2809.24 -4189.07 -3408.4 -2569.3 -1356.76 1565.95 450.924 5549.98
1026000 -6617.79 -3587.63 75.1288 2875.57 3017.09 174.666 1932.47 902.292 -1055.81 -1655.23 -1925.77 313.418 -1993.34 -2498.57 -4918.88 -7744.63 -8839.8 -6985.2 -4158.81 -3688.35 -5653.74 -7042.08 -7188.05 -4411.48 -4048.76 -4964.01 -2436.96 -6838.07 -4538.76 -4383.46 -2555.88 -1426.66 4179.17 2372.02 8218.07 5061.56 3097.84 3380.47 4734.1 6764.51 6817.66 5345.62 4672.88 7364.66 3663.48 4904.32 3243.44 -1029.68 2195.29 90.2385 6646.35
1028000 -1959.15 -1626.23 -781.884 2829.56 -275.83 -6524.77 -3056.84 -2837.6 -5949.39 -3994.72 -5544.16 -6762.98 -9420.72 -8967.01 -9463.57 -3395.82 -3291.06 -6423.72 -3476.25 -1187.41 3905.18 5123.49 6664.66 8823.61 7413.98 4876.01 8475.23 8050.95 7580.5 11980.3 10250.6 11313.5 7305.75 6581.5 3053.67 4833.36 79.9753 1029.18 441.068 1861.23 -2138.83 -1665.66 -4816.25 -6199.26 -1617.77 -3656.67 1541.35 -3159.28 -5076.1 -4968.76 -4439.99
1030000 -632.792 8395.17 1666.2 340.757 2390.81 4744.59 3755.82 3070.28 4188.32 4742 2842.6 4241.66 7310.66 8799.76 3163.26 7540.49 4007 5183.51 5272.16 8954.45 3403.71 -9.96904 2415.48 145.224 -2726.41 -2415.01 632.052 -2491.6 -1192.77 -1297.17 -7145.87 -7088.91 -5005.85 -9513.41 -5056.24 -7869.84 -4357.93 -3180.46 -1294.51 -634.645 -350.906 -3793.33 -5432.64 -5910.79 -6165.32 -5794.78 -5749.15 -2068.6 1007.72 2445.01 4825.56
1032000 10175.4 2066.06 689.512 -2889.09 724.449 1063.36 2315.84 4008.82 4440.24 359.439 1062.62 4657.63 1656.11 -2181.22 -2813.24 -4602.9 -2842.13 -2256.67 -2227.13 -2477.67 -4082.17 -7162.33 -6150.76 -6218.11 -6779.42 -3243.64 -5744.98 -5305.23 -9463.38 -5120.08 -1779.03 -2818.48 1017.77 1294.77 5379.79 4843.61 3055.17 6475.86 6083.08 6980.69 1713.77 1097.08 2454.6 -60.286 2428.18 2787.51 2925.46 2373 1218.1 2763.95 -12006.4
1034000 -474.475 -283.328 286.938 -2049.64 -4551.97 -5943.52 -2574.13 -4447.01 -2363.48 -1776.5 -3035.11 -6017.22 -7968.22 -8116.02 -7590.79 -813.22 925.895 -424.879 -4500.05 2548.43 -346.196 5831.16 5546.35 7108.73 8381.34 4958.66 6461.72 10275.3 5579.51 4806.51 5504.39 2518.52 3227.07 5958.93 932.464 -3589.49 -880.952 -2578.35 -726.019 1318.84 481.287 1461.17 1549.1 -1277.47 -729.203 2913.16 4190.53 487.521 -1892.86 -4831.11 -13131.5
1036000 -2846.74 3126.54 -576.61 1725.35 263.482 215.313 1499.18 3214.5 8241.49 3210.58 203.431 3063.9 4440.73 10417.4 6717.4 5700.19 4758.21 5153.21 5268.4 4716.89 2103.07 1511.54 2656.29 -1619.16 -3677.85 -520.407 -643.88 -3084.76 -604.527 -3671.02 -5869.77 -9978.42 -10187.1 -11090.7 -5908.46 -11732.1 -9593.58 -8966.09 -2468.7 837.721 2466.08 -2717.57 834.268 331.458 -2152.21 -3964.3 -2265.39 -1242.9 49.2012 3770.02 10972.3
1038000 4233.76 -851.215 -4608.14 712.868 3747.6 4385.42 4540.73 3489.14 -2505.48 3797.95 -1991.61 3044.76 1593.26 -321.424 -278.592 -4474.86 -2421.76 -2379.22 -2969 9.70331 -8034.47 -5322.47 -6134.53 -1859.77 -7305.11 -6478.73 -6137.2 -7819.6 -8597.6 -7175.26 -3535.45 -2908.41 1365.61 -303.983 2155.92 2623.46 5528.67 2231.59 5468.68 5361.08 7692.38 3442.79 4633.93 7241.67 4231.71 6661.36 3235.7 3937.72 3195.71 6102.64 -418.819
1040000 6633.16 1022.46 13.2507 -524.391 -716.561 -3380.41 -3147.66 -2998.73 -4918.02 -1365.22 -4312.67 -194.273 -2027.02 -2142.57 -3197.98 -4329.15 -3714.41 2629.32 -508.078 101.831 412.964 3674.34 2198 1487.72 1189.61 4218.58 3051.8 1131.27 3423.6 1553.41 2172.15 2705.23 779.812 5341.39 2349.08 2489.23 3456.67 5452.65 3989.57 -1910.3 -3816.23 -449.213 -5639.35 -2548.24 -1194.78 -1792.98 1441.69 1888.26 -2928.8 -6917.56 -11942.9
1042000 1950.12 1458.97 2769.75 5370.93 5438.94 594.733 2512.56 -1926.9 6852.02 8215.84 3677.14 6918.04 8895.17 7929.36 6842.63 9724.55 7425.96 7131.41 5062.14 4631.68 9993.17 3860.42 1685.2 -3842.2 -6531.21 -3949.9 65.6409 -1635.28 -4594.22 -7690.76 -7566.7 -10978.7 -12462.8 -8634.76 -7154.71 -6403.09 -6940.31 -6154.5 -2657.22 -1605.16 -2045.94 -2137.44 -2389.35 -3178.12 -7912.85 -2437.3 -771.998 -319.463 2534.44 -1522.63 -212.285
1044000 -1216.43 -1147.56 -4021.06 -2006.62 2557.17 -1425.31 1242.08 2435.03 5363.39 3311.28 3876.35 -2373.75 -5005.97 194.435 -658.876 -1265.77 -1531.86 -3508.27 -3140.06 -6335.21 -4439.33 -8949.85 -6456.33 -5284.4 -7098.96 -3613.47 -3503 -8703.19 -5873.24 -6999.64 -864.04 4961.29 3990.42 4461.32 5823.37 -76.2396 2285.98 5925.12 7194.64 2386.91 6192.73 7549.03 6138.16 3393.35 7755.49 2374.73 4464.95 3723.86 1604.46 1594.95 2860.17
1046000 197.301 -5343.61 -4821.73 -4401.83 -1122.62 -851.651 -984.798 -3373.38 -6181.56 -316.619 -1238.24 -6772.95 -4901.6 -1019.7 -730.281 -2299.08 -6020.51 -5023.72 -3643.15 -4896.04 1161.35 -905.995 3678.2 5820.26 5926.11 4354.07 7741.32 4993.16 6491.52 7577.4 5407.72 6655.68 8474.81 9929.77 11160.5 2648.9 5557.71 3543.26 1266.14 -3930.96 -2158.98 -56.9731 -706.202 -3908.49 1493.87 -5297.8 -6046.43 -7530.53 -3944.05 -7251.81 -7756.65
1048000 10746.9 1374.32 -907.961 -47.0903 307.995 714.335 1229.2 2844.51 7202.13 7092.37 7837.07 10847.2 7026.53 2744.19 6593.33 5705.48 5900.07 3787.49 3192.18 3274.18 4465.45 3063.95 153.536 -3616.2 -2495.9 -1915.76 -2916.45 412.476 -3131.86 -1419.63 -6633.15 -6840.95 -5749.55 -4782.62 -3770.87 -5773.79 -6123.85 -6205.06 -5658.13 -2485.19 -1793.57 -2716.82 -7495.01 -4364.49 -4869.79 -5588.32 1315.25 2030.13 3953.8 514.616 -8595.87
1050000 4985.85 -595.016 -527.855 -3319.34 -2252.58 3196.8 6986.11 940.102 3195.68 5586.89 2430.43 1509.72 -2549.12 -3825.03 -4903.73 -3344.81 -6601.67 -3780.69 -1541.15 -4375.44 -5503.73 -6084.36 -6041.32 -6316.91 -3822.65 -9128.34 -10373.2 -8165.88 -3968.76 2494.89 4344.22 4305.25 3414.92 -813.997 2273.41 -1915.4 2722.23 5681.15 1285.63 6889.26 4264.66 5395.57 2874.05 6495.57 7969.72 5893.56 5390.25 3388.23 1026.49 -316.828 1372.01
1052000 -1691.27 -1606.4 -2568.83 -7267.09 -5091.43 -4052.08 -3463.84 -6410.28 -3676.91 -7391.38 -5483.37 -6098.6 -2634.15 -1144.89 1691.87 -4843.9 -3725.91 -2520.26 -1897.45 -1248.95 -2189.08 973.332 3135.46 4862.74 8570.26 8428.21 7119.87 1380.11 8745.72 5470.92 5095.26 -259.746 5657.99 2678.37 6435.24 3849.79 3308.89 1939.02 -2211.02 -2091.25 -3114.2 -3271.29 -2809.51 1928.14 1518.95 1437 -3585.17 -6812.3 -543.833 -612.168 -542.547
1054000 -6200.25 -1828.79 884.607 -145.627 118.047 -228.226 1627.19 5131.69 5816.77 2153.4 8762.76 7766.27 6019.8 2926.75 2954.18 4988.16 6279.33 8194.26 7035.77 4122.94 2890.96 1849.89 2622.55 -1284.08 -1109.87 1661.19 3568.75 -446.693 1403.44 -6995.59 -6053.63 -5827.45 -4148.85 -7270.88 -5135.42 -6344.37 -8341.15 -5076.47 -5225.93 -7534.06 -3007.83 -1203.49 -3476.65 -308.484 -2936.81 -100.291 -568.691 3264.52 3445.53 2885.39 3493.24
1056000 -387.134 3438.81 1898.33 1554.53 806.898 -2393.97 1559.4 -103.091 2175.46 3871.99 6011.41 1491.39 -3341.39 -2765.47 -6278.83 -6026.11 -2943.13 -2108.19 -2348.59 -5977.24 -12097.7 -6751.98 -7115.93 -4778.99 -10661.1 -6251.08 -3745.72 -6728.92 -1490.14 1624.42 709.205 -963.144 2309.81 3707.55 1410.78 4340.84 2267.68 4711.92 4955.64 2033.13 4011.05 1448.69 3430.05 6353.98 3183.78 4162.14 1677.4 849.634 5019.88 4951.73 5092.86
1058000 -1075.19 -1445.21 2340.36 -1021.08 -832.053 -2959.51 -2334.77 -4655.46 -5259.44 -5291.23 -10170.7 -2155.44 -1465.66 1758.75 -1283.54 -2320.17 -2333.2 -4509.45 -854.497 416.529 -1546.02 4373.04 3157.3 4395.34 6450.11 5276.61 11301.7 5336.89 5919.63 1511.27 1381.69 2611.14 4657.74 1576.7 6619.99 4867.91 3644.23 2161.55 -2165.73 -8015.74 -2139.82 -1588.8 -583.103 -3606.43 -3222.59 -3726.93 -3126.08 -5794.63 -921.533 1126.8 2822.23
1060000 12855.6 5415.19 -754.795 1726.63 -1231.26 -3076.24 2342.97 754.077 3507.22 4688.36 7060 8020.72 7014.61 8356.11 8596.83 8195.78 5318.06 6562.95 7819.6 5608.59 3614.5 3179.3 6802.92 645.755 650.568 913.792 -630.202 -2730.19 -6823.77 -5805.14 -6485.69 -7042.56 -5960.67 -7889.23 -7268.32 -6692.76 -5499.78 -3659.65 -8050.76 -6492.91 -8663.43 -5026.96 -5944.48 -2679.55 -2784.4 -922.35 965.711 560.436 2794.57 2261.84 -2313.87
1062000 -461.749 168.999 -2450.79 -938.701 -815.321 -4096.96 -3439.37 -1678.66 -6083.37 3111.82 1201.17 -3199.48 -2557.35 -1554.55 -6053.19 -5550.35 -4328.1 -1277.75 -6772.84 -3454.02 -1978.61 -5629.95 -3550.26 -6615.57 -4994.92 -4846.5 -6235.89 -5095.11 351.257 3517.37 3012 -1372.6 375.528 2432.25 1629.95 4268.3 3995.32 4683.52 4706.03 2769.57 2132.01 9604.64 4973.3 5387.7 5368.52 5558.22 3843.78 5642.08 3053.45 2443.8 9075
1064000 8744.96 -1254.39 -3791.38 -4087.68 423.209 -2566.3 -1333.31 -9456.31 -5223.37 -12039.2 -6946 -2174.28 1569.37 666.032 -4251.08 -5321.03 -1483.94 -336.917 2064.72 942.636 794.872 -2758.13 3533.64 2930.23 5596.09 7415.21 7637.71 6460.49 8498.64 3334.96 4904.8 4622.86 3437.41 6426.72 4323.08 4813.98 3877.06 743.148 -2123.24 -244.089 -2197.08 -1226.5 3208.57 -1522.01 -3985.29 -3814.29 -100.016 -2083.68 -3156.43 -1875.73 -12804.9
1066000 10325.4 1743.6 300.129 5286.66 3741.14 1451.62 1810.67 1394.27 5148.35 3975.14 5661.9 2536.7 6108.19 3694.2 7211.79 3253.22 6244.24 4757.48 5645.05 369.461 5686.45 2852.04 -2125.13 1942.14 604.708 2764.02 -2918.05 -4185.78 -5123.14 -5441.93 -4887.51 -5046.4 -5519.34 -7334.28 -4537.3 -7262.45 -8542.9 -8354.42 -2803.01 -2889.91 -4563.78 -4421.49 -5169.18 -4181.78 2551.62 810.823 -384.971 -1845.84 -2611.62 -121.694 -5802.17
1068000 6227 3128.85 652.146 -2150.12 -720.41 -979.073 -81.2467 723.499 2764.25 -4826.78 953.162 -5963.89 -6066.38 -5809.29 -5640.31 -7252.34 -9266.46 -7548.8 -1931.43 -7466.97 -2206.24 -4366.89 -5837.55 -1694.9 -5406.3 -5605.48 -7770.04 537.948 -1577.57 -2194.25 749.033 1574.68 4385.79 2016.78 8224.68 5204.05 4689.71 5503.79 5035.9 2370 6254.88 4353.66 3584.99 5556.49 7140.29 5066.08 6504.84 5738.18 5154.36 3489.92 -403.419
1070000 1477.36 -2454.71 -924.766 -954.745 -3624.63 -6796.82 -4691.44 -6962.86 -4358.69 -3955.99 -2805.49 821.769 -1544.27 -5006.78 -6901.54 -3362.97 -1559.43 -3005.09 -4213.09 -1989.58 1879.41 -199.557 2359.69 5165.94 7294.73 9084.07 11057 8602.88 5030.4 5319.34 3775.58 6556.4 4191.03 6484.73 3115.28 6784.23 3908.91 -828.746 2255.85 -703.219 851.285 -5413.77 -453.135 -5825.58 -4667.96 -5124.39 -310.177 -2161.2 -448.011 -2906.45 -9903.93
1072000 -2889.46 2838.1 3275.58 3046.07 -92.4357 977.78 3667.64 3372.56 9668.33 5210.55 6142.28 7460.95 5803.09 5415.01 8362.46 6737.53 6205.06 7101.03 57.8715 4109.47 4792.5 3889.54 2716.19 2657.64 -2024.99 -4050.9 -2481.32 -4657.88 -4596.86 -2851.52 -6270.69 -5612.56 -6590.56 -4099.39 -7834.35 -8076.5 -5368.62 -6325.61 -4324.07 -5406.32 -3040.51 -8398.18 -5865.57 -4265.43 -3423.96 2145.37 -1995.5 -2323.34 -977.308 -332.641 6622.96
1074000 9485.76 3359.92 -1197.06 -574.343 1298.38 -3690.61 2195.63 5582.57 6438.13 2293.93 2743.49 1351.27 1433.75 -2810.19 -5805.27 -9953.12 -9067.58 -11784.5 -8158.96 -5442.67 -4784.43 -3991.82 -9320.46 -8114.32 -12050.6 -8341.03 -3544.92 726.55 485.257 1728.92 2446.24 3121.32 1046.18 6109.33 813.265 2033.39 5118.97 2999 5885.94 4003.78 2479.28 557.738 7895.29 7647.65 6523.55 7125.45 3076.41 2660.47 5219.87 3362.3 -1205.65
1076000 -7752.5 -1183.85 -5580.95 -1383.79 -874.914 -3204.92 -5045.95 -4875.73 -6344.06 -2203.95 3524.97 -4994.59 -6816.35 -6947.82 -1389.14 -3474.38 -4358.76 -7091.52 -1897.66 -1619.69 -3502.82 -3619.83 -573.064 4302.79 5028.88 10284.9 5543.79 8749.49 8389.06 7993.12 1859.85 1088.67 4035.23 6149.96 5363.55 -533.065 2554.32 -3306.28 652.887 -2864.28 1661.49 87.4437 3535.91 1165.85 -1411.34 3060.62 1772.5 -1502.06 2128.47 -887.134 -2013.5
1078000 11493.2 7325.11 4465.23 5797.58 4473.84 6883.63 4892.63 4246.88 509.973 5139.59 7723.96 3924.82 578.353 1202.4 6666.94 7530.8 8350.78 5068.65 8755.23 4904.45 1784.81 3413.67 3085.6 -515.173 -1925.15 140.205 514.575 -928.17 458.663 -2641.18 -6592.53 -7886.07 -8203.14 -8200.45 -4533.45 -7187.52 -7899.75 -4550.59 -7926.6 -9119.17 -7295.07 -5515.29 -1609.3 -2979.9 -5678.14 -1509.47 -1241.13 -997.646 1009.23 -1172.28 -7782.98
1080000 9149.02 2452.42 3034.8 271.444 -22.594 667.245 3497.05 -357.258 1029.15 26.4682 -166.768 385.349 -1047.36 -313.129 -7420.42 -8952.66 -7283.48 -6885.83 -5900.28 -2675.33 -3816.87 -5537.64 -7613.15 -4392.79 -5267.88 -3433.07 -3844.46 -4393.32 -3566.92 -2389.29 -1095.3 -1077.98 2752.4 3877.51 3821.41 3896.69 569.372 2783.45 4898.23 7552.67 275.322 1691.31 4962.93 6595.43 -70.735 -76.3175 2917.86 3630.06 6710.94 6061.85 -959.252
1082000 892.239 266.114 54.0374 -4427.83 -4566.75 -7930.75 -6104.25 -7214.05 -1865.46 -5078.46 -4049.33 -4470.98 -4974.74 -2238.4 -9605.23 -3364.2 -1030.75 -2026.68 -1.65955 -1102.68 1123.6 4098.04 2496.85 248.691 2262.94 8261.57 5665.41 4908.44 5565.93 7136.99 5320.59 3740.19 1918.65 859.295 -1242.95 2179.54 3505.48 2792.06 3195.24 6102.17 2063.79 -33.65 -2589.06 -684.763 -39.7036 1235.09 -3117.92 -3678.78 -5318.68 98.0483 -4221.35
1084000 972.488 2844.06 1378.22 6695.39 2854.97 5630.73 3362.66 3723.45 3807.2 1860.78 2960.56 4029.2 3137.48 4981.95 7661.27 13185.5 9755.38 5743.5 7585.55 5205.66 4576.84 2585.84 2378.36 5350.92 1082.37 789.318 -2420.54 -221.729 0.597847 963.311 452.005 -3154.99 -9186.75 -7540.06 -7203.12 -4615.54 -7633.39 -8093.01 -7848.76 -10984.5 -8889.3 -6527.96 -5380.53 -1707.62 -3441.37 -2635.01 -798.4 -1575.09 -567.217 -1218.83 -2862.65
1086000 9874.83 2172.45 -2453.9 799.357 -74.2843 -3170.41 1781.24 -1993.3 -73.3758 619.96 2266.61 4271.15 -1181.83 121.798 -4788.03 -3347.39 -5927.82 -8130.67 -4985.64 -295.422 -2796.96 -5480.11 -5029.76 -3251.35 -8624.61 -8174.99 -7047.7 -7662.83 -4523.1 -138.945 -2195.69 2359.09 3979.32 5259.71 3762.59 3976.85 3904.15 1271.16 5711.49 3802.26 6134.32 2848.58 5069.69 778.637 -2349.17 7.10174 3856.39 5688.81 6631.74 6922.46 -9599.98
1088000 10517.5 4919.3 -939.851 -1724.74 -7310.69 -9557.99 -6055.14 -10629.8 -1674.71 -3186.59 -5875.6 -8467.19 -5260.69 486.206 603.433 379.9 1115.07 1212.44 1065.05 3222.64 1553.8 4848.44 1939.15 -1500.35 -590.923 2032.6 6090.63 1685.62 3901.57 5274.43 1503.62 4554.97 6158.81 3110.49 -1415.01 975.162 931.625 4782.2 3030.22 1109.25 6571.22 1854.25 -1645.08 -2750.28 546.259 1681.47 141.798 -4489.29 -4803.28 -2326 -7746.75
1090000 -6692.43 485.091 3542.23 6473.21 5316.34 -149.617 6155.5 3731.07 3028.39 2596.43 4885.03 4632.48 7037.62 7606 10197.4 7550.64 6136.07 8477.14 4657.87 3399.1 634.697 3214.91 3514.34 3997.96 1500.28 -1145.68 -1531.04 1657.74 -4782.38 -7945.54 -5130.18 -6674.53 -6528.86 -3936.38 -7329.59 -5173.48 -6370.93 -3687.01 -4620.76 -6219.4 -8352.11 -8750.2 -3992.42 -2819.14 -2428.06 -271.256 -2641.15 -2793.52 545.251 -508.543 144.543
1092000 -4207.58 395.541 -1716.57 1324.53 3201.73 1242.98 -118.795 902.922 -1037.14 2901.64 3091.92 1181.25 1577.96 -3185.53 -8432.05 -3596.87 -6837.1 -2312.51 -5115.19 -5709.45 -4289.02 -2208.46 -5622.54 -2719.62 -4316.74 -4657.99 -3407.42 -5732.44 -4004.83 -361.109 346.947 -2833.55 3600.58 3292.78 3923.16 2077.52 2144.02 1351.98 3092.8 2908.51 4640.05 4996.88 5260.26 4858.73 3697.23 200.474 3149.23 1238.4 4332.33 3520.11 -3379.95
1094000 1553.99 2206.08 4428.53 -406.346 -2820.69 -4805.68 -5497.25 -1515.77 -8177.2 -7914.28 -4094.21 -3255.79 -10225.2 -5511.93 -7769.57 -5013.61 -5025.8 -41.725 -1909.14 -1518.78 1845.07 1202.02 529.402 4164.65 -598.5 2309.43 5364.98 7160.49 6485.22 9860.5 7708.8 6237.92 5332.51 2348.48 989.378 2494.42 1828.64 -1371.19 3481.68 2871.92 -113.496 1206.96 2902.9 3450.75 -1218.92 1458.58 646.87 -7762.4 1620.99 453.285 2681.11
1096000 1025.66 -1802.17 757.297 4787.24 887.209 8534.45 5645.44 4500.47 2113 50.5955 -412.695 7677.72 2272.65 8364.47 5140.06 -281.215 4564.85 8523.57 3185.15 3471.56 2860.13 447.483 -291.144 4981.91 2206.08 1635.33 4273.59 1111.6 -5707.33 -3970.75 -4406.82 -4482.12 -6309.48 -4489 -4184.86 -5713.36 -5540.13 -4298.62 -4815.16 -5829.71 -3673.33 -5186.33 -3993.68 -4070.09 -3810.49 -4742.14 -1500.34 -2622.72 2605.77 212.093 -3326.26
1098000 14749.5 2204.69 -3455.98 -574.889 -2590.9 1493.53 -2716.67 -2773.57 602.49 -222.724 -156.625 -2005.07 -752.006 474.803 -1361.95 -3316.15 -3577.18 -4314.28 -7118.34 -4847.11 -4604.24 -2655.76 -2832.12 -1967.72 -220.317 -3373.71 -3633.05 -3576.46 -4943.89 -4049.15 -2476.4 376.417 2103.34 2132.81 4660.42 6186.18 4846.31 2238.98 4789.97 374.271 3221.18 5418.56 3823.29 3954.4 1348.97 2449.65 5582.43 4016.35 3120.95 -640.79 -10766.5
1100000 3678.97 519.83 -1177.31 -1401.44 -1046.22 -2734.39 -1798.18 -2734.89 -1291.93 -1876.76 -2958.94 -6285.82 -6353.21 -2956.77 -2134.51 -7487.71 -3671.46 -5408.82 -5097.08 -1248.8 975.516 1549.8 -914.638 -720.522 -1929.35 747.121 2110.77 7011.67 6531.23 5811.68 10041.1 8935.04 5058.7 4098.33 3320.5 3046.42 3251.37 1784.63 7219.11 2952.62 927.026 4907.33 1128.69 -2322.73 -1074.91 -3277.48 -1674.15 -4206.97 -766.929 -3272.26 -2276.55
1102000 8598.3 4234.16 1296.11 3819.18 4313.39 5340.12 -1618.14 4558.66 2282.45 5536.77 5727.1 6831.62 6860.46 5326.11 2470.72 -1039.84 3911.74 2725.54 3880.51 4794.54 -1659.02 1483.9 -175.846 3532.24 931.249 2964.5 586.251 5010.97 -2927.25 -6036.78 -4899.09 -6109.6 -6588.17 -6452.93 -6470.54 -3420.18 -2550.24 -7869.19 -5565.31 -4625.68 -8133.21 -6723.64 -4796.88 -6760.05 -7156.02 -1953.32 2338.3 1517.01 87.901 1814.62 461.593
1104000 -2723.42 3998.11 -576.842 -657.086 586.085 2534.23 1723.14 4632.17 433.292 5611.04 854.446 5010.41 -2243.39 -1776.65 -3910.66 -4202.41 -2203.31 -4026.09 -7805.44 -10191.7 -7669.38 -480.896 -5017.44 -1591.29 -5876.28 -1956.08 -4540.66 -2472.3 -7419.18 -4232.05 -3013.17 6749.87 1600.06 4173.37 6126.54 3536.75 3994.77 4162.47 4368.46 3416.23 -2798.54 2102.06 3888.18 6524.96 2944.04 7474.17 4138.08 -1413.66 -144.462 2710.42 -2742.06
1106000 1575.33 2606.83 -3280.8 -942.505 -4619.82 -4504.77 -6983.43 -7458.37 -650.109 -2925.84 -4487.31 -3720.1 -5225.93 -397.247 -3755.97 -3472.7 -7370.79 -4004.5 -2878.61 -3967.09 -583.91 588.148 -2200.89 -439.585 3223.27 4427.81 3587.51 6641.05 7494.3 5763.71 7282.31 6930.74 5727.27 2253.64 1947.43 822.054 -5376.41 -1409.46 7674.46 4761.59 5353.07 5896.32 1771.63 94.9587 2018.56 -1248.36 -464.269 -4845.33 -6053.11 1779.54 121.703
1108000 -1589.67 1544.41 2051.07 4415.24 337.32 1668.92 2388 1465.2 3250.62 2317.44 6731.92 3728.24 6312.8 3636.1 6587.39 3919.42 204.445 3496.34 2136.4 4214.71 1729.5 1550.56 -3563.77 1037.27 -1809.86 4955.1 2638.97 -468.434 -421.628 -4448.82 -4834.68 -7472.35 -4445.78 -6985.76 -4064.53 -6315.32 -6378.89 -6070.84 -6081.49 -7916.47 -8433.18 -4711.27 -6015.77 -2537.38 -4339.29 1054.79 5029.53 3082.24 4873.58 208.581 3492.36
1110000 -3021.84 3422.32 -814.16 6922.07 291.421 3222.24 -303.646 3412.37 4661.64 6483.83 -67.1034 -917.398 -1246.81 -4840.68 -6469.74 -4265.34 -6678.57 -7051.92 -6606.55 -1024 -4541.35 -6320.98 -7330.79 -3340.8 -6185.38 -2977.87 -4727.5 -6929.23 -2707.35 -156.846 -684.071 -819.554 176.983 1998.55 7570.84 6620.52 7084.52 7890.16 6203.39 3211.58 1428.11 2729.11 3553.41 1187.61 5904.25 4603.85 2456.01 -196.553 945.382 3259.77 7692
1112000 -2213 -1016.38 -3019.53 3762.18 -2079.06 -3851.61 -6468.26 -9110.4 -11569.3 -4795.48 -4106.28 -5304.58 -5543.45 -2064.53 97.3936 -1818.72 -2546.35 -5097.55 -1134.39 -4008.19 -4764.2 -3075.79 -2118.66 983.605 -14.0624 -1504.68 1969.05 6945.88 6160.58 5911.11 5517.17 5258.54 2975.78 5430.33 7720.71 3766.41 3421.88 1659.52 -1379.62 3969.67 1703.16 7205.91 6264.68 -2048.18 -1541.87 -2978.73 -3675.29 -4898.19 1487.03 10.9914 1888.06
1114000 -6010.79 1284.19 398.853 1328.95 -1075.5 2822.42 -330.286 -507.347 2031.23 2691.45 3561.58 3539.6 3992.11 4023.12 4890.59 9122.86 7132.58 4845.49 3852.86 4159.83 6325.57 6701.16 2596.56 4318.18 4729.6 4991.23 5971.07 1462.18 -3294.97 -6581.83 -5236.66 -4560.35 -8060.76 -6747.87 -4903.99 -5754.11 -6054.38 -6094.4 -5792.21 -4961.85 -11899.9 -10732.6 -7622.75 -4406.69 409.105 -25.0052 2118.46 5003.93 1651.64 3095.54 7880.53
1116000 -7179.81 2956.08 5239.83 -1793.62 2225.96 2355.48 -2532.94 -724.643 -545.681 1630.52 -864.117 -3919.91 -4621.98 707.204 1357.78 -492.267 -1677.84 -6811.92 -3744.27 -2675.23 -3777.91 -2128.35 -3787.69 -1437.22 -2615.3 496.14 -4755.05 -3101.08 -884.681 -394.267 2554.84 -2285.18 -2265.36 1653.39 3008.05 3033.89 1755.74 3503.68 3396.28 515.657 -3191.93 1650.57 2524.53 4650.84 6459.41 5460.45 2135.65 5972.44 -1287.27 5061.89 11031.3
1118000 -11390.1 1580.41 1111 -802.447 2006.43 -3067.6 -6523.6 -10577.9 -9510.23 -10131.4 -7639.7 -5874 -5748.29 -5748.49 -8524.36 -1589.65 -3783.94 -1179.28 852.227 1070.33 519.438 -2673.06 -683.919 2515.05 -787.17 3645.46 738.482 2437.72 7804.34 3590.91 1093.88 3818.16 749.092 1762.96 6348.58 1524.62 -1737.17 3717.17 2973.81 5571.85 3889.09 8313.01 6534.82 3288.14 -1489.07 -6289.19 866.411 2259.53 2178.71 1486.79 5322.28
1120000 -1894.95 3103.58 2894.24 3873.8 2700.14 1567.56 2485.14 4061.88 4516.66 1646.72 1780.91 5272.54 6183.44 4642.82 1958.43 7427.46 8949.36 4165.79 7217.04 7837.13 4937.91 6005.45 3285.75 5244.44 -441.801 268.225 288.545 -3094.32 -3756.71 -6677.59 -5270.53 -866.457 -3247.6 -3498.9 -5392.46 -3704.07 416.581 -6387.4 -5943.03 -5459.42 -9237.96 -8647.61 -9630.84 -4020.28 -3556.08 -4159.07 3207.71 883.317 -3055.42 2879.06 1103.25
1122000 1645.85 1674.24 -799.894 1581.22 -2748.79 1282.44 905.224 2052.07 4017.81 1849.2 3690.24 8.09316 -4556.98 -3006.33 -835.91 -279.317 3530.75 577.522 481.419 -314.167 -2415.95 -6500.04 -10666.5 -3784.74 -1298.15 -825.529 -2081.69 -5057.14 -3437.54 -434.565 -1812.5 -29.3388 -346.268 831.699 3358.39 1018.76 2354.07 2842.06 2826.39 -524.856 -242.963 -3717.14 -2510.11 1512.38 6211.94 5296.02 3153.45 2462.24 2131.26 884.228 -4225.71
1124000 -9716.49 -4473.31 -4749.91 3991.71 2343.64 -323.089 -1103.03 -3917.82 -9603.5 -3947.63 -5415.04 -3740.03 -2780.08 -4829.72 -4920.33 -5529.82 927.988 -2428.01 1426.41 -1383.18 175.742 -1887.1 -143.869 2035.61 396.888 827.689 -244.68 909.09 2028.07 957.198 5154.02 5013.82 2972.83 669.644 995.416 3383.04 428.023 3055.17 5315.55 4493.8 6462.66 1879.16 3254.26 323.741 -536.441 -697.167 -561.042 -1787.26 -757.596 -2179.32 11564.7
1126000 3783.34 -1313.31 906.461 -1148.21 -220.778 -482.881 -1732.13 3937.61 9233.47 9919.19 7058.41 6193.28 3577.79 6772.12 9380.25 9115.08 6598.29 1620.94 3502.78 2756.46 3101.38 -342.423 2422.38 5284.58 8432.96 2231.9 347.988 -3851.5 -2197.51 -2532.53 -5189.89 -4794.14 -6693.05 -7205.71 -4266.57 -5590.81 -5673.84 -5941.15 -3255.88 -3522.56 402.795 -3451.14 -5583.3 -6494.09 -3496.17 -5506.13 -4178.24 125.915 -1649.79 -1719.39 -6981.11
1128000 3314.23 1238.93 -2701.1 -1246.16 2258.41 893.701 1032.06 3406.34 1027.87 -1232.9 -3866.81 -5218.1 -3784.36 -580.174 -1255.21 -4335.76 -1275.63 -5355.29 -4158.29 -3002.86 -5111.56 -5658.14 -5327.11 -5724.51 -4755.59 -2420.63 697.353 297.322 2556.62 -116.619 -2406.35 -901.543 4125.7 3832.61 6494.85 3645.6 6573.29 8476.65 3599.18 6021.64 -1321.93 -125.271 -330.337 -601.841 109.879 1974.57 3221.01 613.931 -22.198 -250.113 -3035.78
1130000 -3372.24 -483.48 -853.605 481.973 893.723 -2027.06 -5722.32 -3973.94 -6842.53 -11205.3 -7877.69 -5422.16 -3856.97 -3802.79 -3583.31 -3556.45 -3134.47 -5342.5 -2317.64 -599.147 -958.494 -4395.3 -1956.15 -1025.53 1204.59 452.643 6160.47 4290.87 6292.48 7828.85 6902.18 6490.05 3999.82 1918.42 5797.84 6205.3 3085.24 103.282 6187.52 4532.8 4573.59 7006.78 5470.03 6146.27 -805.596 -2813.26 -1804.69 -804.59 367.192 -22.3912 -2252.49
1132000 -3590.51 -126.247 -658.26 -78.9504 2071.71 775.808 1623.01 494.134 7406.94 7246.44 12061.2 10569.6 7684.14 5222.7 5596.45 865.032 5371.8 4268.12 3563.34 3959.69 3718.06 1148.21 2045.51 4013.57 4005.28 851.899 -202.807 -5717.98 -2424.75 -1603.3 -4300.74 -5143.97 -8430.98 -9334.69 -6408.02 -1877.85 -4458.11 -8717.4 -3890.01 -4366.7 -8101.55 -5033.86 -11114.2 -5071.15 -4488.88 904.903 -1011.28 2293.74 152.927 363.94 2191.31
1134000 -5080.72 -6120.98 -968.304 2993.38 -988.338 2872.94 2575.31 3747.36 4714.02 -1099.63 79.4064 -2205.09 -3692.53 -4495.04 1522.48 1129.22 702.972 548.964 -82.8752 -4381.08 -1420.55 -3450.15 -4618.04 -3372.79 -4105.23 -4866.41 -2335.37 -3007.42 2574.86 -1178.66 -3159.35 -2287.89 -1427.5 4390.53 2942.19 4710.23 7008.54 3953.39 345.782 -20.4376 -285.974 -1205.47 -3949.21 94.9004 675.992 5553.27 4738.69 4043.28 4353.33 -3039.28 2890.01
1136000 2306.13 517.544 -2186.55 2420.05 -1771.94 -3507.72 -1543.16 -6637.48 -6622.53 -6910.94 -5767.52 -7154.88 -4076.93 -5189.44 -4003.09 -987.305 -4.23627 -1256.46 4406.56 1933.63 476.79 -56.238 -1151.14 -2331.4 83.5282 892.977 4301.98 4600.07 6254.63 3922.48 6644.17 6815.8 6653.84 7340.03 3772.65 -700.44 -2964.58 -4064.25 945.192 2529.14 3575.98 2159.33 4186.02 1437.42 -216.485 953.88 -5561.42 -1535.2 -2139.86 506.649 5612.42
1138000 -667.924 302.563 531.127 1996.46 -2544.14 -2317.09 984.33 5209.68 9042.74 5191.9 6527.9 7795.61 5859 6860.06 7457.95 6085.12 6774.77 9829.01 12104.2 9731.3 5805.7 6269.38 6302.23 2320.77 1236.01 -155.852 -5858.08 -7695.31 -8675.48 -4605.32 -6412.43 -3495.41 -3770.32 -2972.54 -2792.98 -6432.83 -7359.85 -4365.45 -7050.28 -11151.8 -10203.8 -6585.99 -3349.89 -1735.3 -3266.4 -5496.42 -4609.48 -1423.86 -2018.12 -3398.81 2926.94
1140000 -2151.55 -945.219 -3735.69 1553.55 -845.553 1946.12 798.603 2919.77 638.735 1739.52 4013.08 4136.52 2193.27 775.685 -533.037 1238.64 526.818 -2087.25 -1579.6 -3068.7 -3962.5 -1604.75 -2762.84 -5818.78 -2872.23 -1277.74 2261.86 -277.371 -4017.35 -4512.42 -1857.43 -5597.66 -2292.17 -637.893 7612.61 5315.5 2974.58 1074.91 1272.97 -847.483 2450.65 531.107 -2865.57 725.639 -3026.68 -151.063 -1188.03 5461.25 3946.89 2109.5 4293.23
1142000 -3595.84 3199.42 2377.58 1392.34 -5423.65 -5396.25 -4533.69 -10104.7 -4423.69 -2304.63 -2800.81 -3454.45 -8892.71 -5175.52 -2738.2 -3610.09 -1642.06 -2738.7 -4615.06 -3664.97 -2768.99 -936.881 -753.842 -208.381 -2566.36 -470.492 3657.17 7424.2 7453.56 2125.68 3771.75 3910.06 4656.4 5576.92 2376.26 2421.44 203.641 2888.84 4460.03 6383.4 3314.52 3993.33 2035.45 -1472.91 -471.305 2362.85 -1614.56 -2822.54 554.951 -1348.52 1072.36
1144000 -625.461 4305.16 -1580.6 1783.19 -6709.33 1206.5 2958.58 -383.636 8014.92 8350.54 9238.9 7779.19 8208.69 1809.99 3544.95 -576.819 4697.31 4885.97 7348.83 6510.29 2716.61 3725.7 5216.51 915.844 3177.49 -87.0627 -2351.16 -4834.09 -3261.46 -2122.95 -4594.68 -4832.34 -4951.7 -4078.52 -6342.32 -5532.68 -3679.56 -4189.52 -1682.41 -5614.57 -5765.27 -4774.77 -911.278 -2760.58 -4000.05 -2267.43 -7073.18 -2915.94 127.377 4374.23 4312.36
1146000 1345.99 3265.53 2181.71 1087.65 -250.006 981.555 701.337 -798.611 1821.97 -893.232 -1000.08 -2559.27 1597.45 -1896.16 -849.206 1202.13 -70.3245 -3818.27 -4717.68 -1496.79 -4299.45 -25.4055 -4400.68 -7356.14 -3595.42 391.809 -843.057 1616.19 1087.28 -839.014 152.072 -1877.29 -4767.19 -1554.65 6022.82 6024.79 3348.84 -788.883 -570.737 -208.246 1212.89 -220.053 -1160.39 2237.21 1570.01 2663.4 2942.89 6270.91 4244.46 946.243 -6619.6
1148000 -7799.9 2755.64 5090.48 1676.46 1094.87 -4498.56 -5275.57 -9275.98 -1813.39 -6855.25 -4105.94 -4994.29 -2897.3 -5431.08 -5304.42 -2076.39 -2611.32 -721.219 -6074.06 -3998.55 -4891.1 992.992 -2359.62 2662.38 -1695.25 -377.089 4129.56 3344.49 8194.06 4895.76 7924.39 4133.25 6443.83 5272.55 3170.66 1166.27 3947.81 3745.22 4868.19 5051.51 2604.22 2613.76 953.922 -1751.97 -1309.29 -1534.15 -3379.34 -1329.88 -1705.91 -6698.96 549.83
1150000 -7952.23 -597.224 -2708.57 -411.108 -1823.28 1203.02 3805.4 6399.05 8861.37 3763.24 6524.06 8074.5 4791.3 7698.7 5692.79 3549.92 6634.8 4210.79 2612.16 7900.56 7151.17 6389.49 2699.21 3600.63 -1024.81 -566.606 -1409.63 -4303.99 -2968.59 -3783.47 -3311.39 -2530.51 -2224 -4622.43 -5105.95 -3454.13 1721.65 -2651.01 -7571.76 -7977.77 -9733.4 -8496.17 -9391.28 -5032.87 -5264.38 -1167.48 -1084.35 362.894 630.982 -2041.65 9341.58
1152000 -858.57 -3598.18 -3409.36 552.345 3072.05 5649.78 2549.17 40.9285 -17.5641 -2148.64 1231.68 -169.284 -327.055 2424.48 860.176 1100.71 -1878.75 335.533 220.3 -2789.81 -4795.15 -4055.98 -7442.04 333.993 -5617.51 -58.4009 -2169.68 -1160.96 -2492.54 -3124.6 -3803.96 -1157.83 -2300.11 -300.804 3533.27 4491.19 893.344 3380.31 2500.87 3322.03 -190.029 1199.69 1931.18 -965.203 2483.12 5489.1 -70.6692 1141.61 2104.1 2059.66 -1087.58
1154000 -4926.9 -409.092 619.371 2642.53 -770.249 -3318.63 -6534.59 -9306.71 -1272.52 -5491.95 -6116.43 -3276.67 -4127.53 -3000.63 -3067.98 -1379.77 -1921.24 -5656.22 -3270.5 -4280.77 -3553.86 365.653 1833.68 -2083.36 -2321.84 4312.27 2251.19 5259.46 6618.71 7266.2 638.576 3708.4 4106.17 3391.46 3857.19 2863.99 4790.74 3981.44 731.964 3272.39 480.457 1820.6 5017.98 1980.39 2951.18 3513.4 -1117.46 -2932.93 -2272.57 -966.552 -5317.23
1156000 -9331.03 -2035.35 -2998.29 -870.221 1634.27 592.937 1356.22 5177.94 4611.16 5778.69 7886.22 3396.04 3630.17 7056.14 5258.08 -444.731 2926.14 5411.54 5940.91 9554.16 9499.27 7438.88 5750.27 -49.2503 -301.445 -1073.67 -4405.12 -5069.56 -518.545 -2167.54 -3966.25 -4152.99 -7293.26 -4622.99 -5053.68 -6659.16 -5828.09 -8350.11 -6800.4 -4304.75 -6006.33 -4479.27 1113.99 -247.887 -4312.56 -2095.65 850.979 466.232 -1205.57 6330.19 9622.98
1158000 -5498.7 2551.55 -2980.99 299.158 3197.61 2663.02 1469.7 3985.54 3309.61 1621.58 -107.414 -995.877 2230.39 611.42 950.584 -2393.01 -4555.92 464.196 427.329 -655.639 -10168 -4655.95 -5325 -5084.02 -1516.25 -864.081 -469.391 -1164.27 -2118.17 -3100.95 -2648.74 -2069.02 -3059.67 -1621.04 -5332.32 -1418.36 4024.27 2824.33 3006.16 491.235 3324.08 -214.234 -284.325 3870.63 3251.38 2756.9 1206.43 1438.45 -1764.35 3008.48 1261.3
1160000 -8511.49 29.5373 -628.335 -2081.03 -4550.24 -1611.62 -2064.19 -6069.19 -5957.55 -5713.56 -4713.91 -3984.18 -928.429 -3045.9 -57.211 -3472.8 -4034.05 -4058.38 -7697.01 -2974.23 -4071.49 -6199.96 -6453.19 1731.86 6383.81 4456.27 4339.94 3964.01 3653.27 5207.21 1890.36 2909 1482.88 5426.6 6094.39 6467.95 4585.8 8566.35 7005.24 -353.578 3585.02 1659.78 4557.28 2080.91 1688.65 578.759 1631.94 -138.523 -2676.07 1601.75 2426.15
1162000 -6926.13 -3581.8 -1730.02 665.303 -2282.84 482.309 455.088 -1455.14 1763.35 6291.24 4978.68 6505.35 10000.7 4795.47 6852.08 1429.96 3716.69 1786.52 1523.73 5193.34 8150.83 5366.94 4319.48 2727.36 3875.43 -3049.04 -5243.96 -4896.35 -1971.3 -2313.99 -5156.26 -6389.52 -5884.87 -4916.19 -2091.4 -5605.96 -2138.82 -7934.6 -4979.2 -6139.16 -2951.72 -3374.77 -2363.44 -3178.95 -3538.5 477.194 2263.28 1233.48 2283.08 662.542 7924.59
1164000 -9311.99 993.95 2934.21 2767.94 2709.59 6185.1 2814.93 1749.25 750.133 -3403.28 -2184.42 -4051.07 490.192 1547.79 -726.231 -6223.43 -4423.33 -2545.14 854.778 -4476.48 -5122.96 -6642.09 -3862.22 -2867.82 -3270.14 2633.52 -2588.28 -2257.29 -2791.09 -5491.55 -2700.91 2763.71 -1105.74 -2259.13 -1269.56 -1543.93 2775.37 4957.77 4645.5 2310.97 1353.07 4096.22 530.151 4722.29 4400.41 4075.69 2374.23 3618.43 6178.54 -455.946 12712
1166000 -15674.2 -2643.26 -1983.77 -4140.81 -2688.98 469.436 -3986.07 -4495.69 -7155.95 -6178.61 -6355.81 -4185.54 -6425.05 -2294.43 -2443.92 -5382.09 -4918.92 -1002.83 -3589.39 -2856.43 -2644.07 -4525.27 1237.21 1421.49 4081.24 1183.51 1642.18 6516.34 5598.41 5564.39 3008.88 2785.27 5601.21 -343.534 4748.02 4423.48 3836.79 4282.21 524.195 4245.18 996.327 3671.23 3757.22 5505.76 6887.11 4079.33 743.251 -1289.82 2825.82 -1406.6 6678.59
1168000 -14620.8 -8659.54 -3817.7 -5326.09 -1591 -2393.62 -347.999 967.319 3621.46 5198.27 8578.43 6170.43 7185.2 4132.36 -1896.09 878.349 1141.21 2312.17 5209.01 7008.82 8174.58 7197.6 4222.86 3123.99 -1276.76 -2383.41 -2627.7 -854.737 -3234.62 1831.43 -2171.27 -5460.07 -4440.32 -1922.12 -1987.04 -2767.35 -11532.3 -7813.04 -9651.91 -766.847 -2134.8 47.6261 -2103.33 -963.987 -5572.28 182.277 2406.58 3872.7 3261.51 1903.46 10159.7
1170000 -9230.76 3266.63 1899.64 1509.45 3548.08 -1483.01 309.867 2456.39 -5225.88 3696.44 -480.916 280.051 1176.18 -3439.11 -2396.06 -238.043 44.9848 -3352.87 -5572.95 -6010.95 -7306.06 -6603.81 -7385.84 -3712.51 -4481.87 -5656.49 -2084.99 -834.603 -338.151 -1377.08 -1995.27 1224.19 -441.556 3865.99 -418.639 380.785 906.19 6888.45 4362.4 4770.19 3454.62 905.625 4740.64 6091.32 -784.082 2356.14 4051.99 -431.678 4101.71 3047.13 14549.5
1172000 -4252.82 -6294.11 -4088.62 -5052.18 -443.988 -1457.28 2270.6 -3471.49 -7003.88 -4832.05 -6509 -7988.36 -7100.56 -3699.69 -2612.58 -3955.24 -7191.25 -4930.86 -4913.46 -2636.67 -6364.31 -2275.82 -558.47 -2381.42 3429.78 1275.97 6502.69 -274.244 2673.96 3584.97 4489.85 4882.45 3708.9 5442.24 4315.4 8232.93 7941.9 6263.14 3776.24 3385.85 1413.87 -1032.87 4499.17 1542.19 5876 4978.03 785.34 -3318.65 499.496 2754.71 -174.57
1174000 -4320.72 2231.72 5981.38 2396.35 -1143.02 -289.983 4461.36 2668.7 821.862 2403.46 6815.51 6068.28 6997.61 3997.37 1987.12 1937.5 3323.76 8266.71 7298.65 10536.8 5792.97 9953.7 7847.45 2786.82 1708.42 -1921.28 -1803.2 -3245.97 -1932.81 -7859.97 -8609 -6039.33 -5610.86 -6559.33 -11408.5 -11264.9 -8591.65 -10339.9 -8471.79 -4275.13 -4375.9 -3682.14 1094.26 83.5251 -132.008 -2233.23 2859.26 179.823 765.293 -669.535 6820.15
1176000 2473.84 1698.14 5538.7 2832.41 3910.92 3888.91 2084.53 3304.23 -69.057 -807.965 2203.18 270.106 -2479.81 -2637.62 1248.02 400.204 1854.44 2246.91 -3738.54 -7520.23 -5633.13 -3407.39 -8380.65 -4155.29 -4179.93 -8867.85 -6655.58 -4681.26 1603.9 2573.45 -935.753 -4067.69 1616.8 -216.893 -1400.12 3096.95 2918.02 -171.312 7802.95 3044.41 1552.71 3478 -1326.14 1639.39 -461.414 3016.18 4773.17 1500.97 1628.25 4180.78 -194.172
1178000 -13992.6 -3273.09 -4435.7 -3988.85 2226.26 446.441 -4130.94 -4480.98 -5868.51 -12323 -10209.5 -8553.6 -3061.2 -3132.4 -2554.98 -6590.7 -3251.75 -4301.87 -2764.82 -946.273 172.471 -4024.87 -103.024 1920.36 3185.2 2766.45 2003.4 2303.38 1129.3 1626.24 -124.967 5376.24 6134.18 7425.71 10795.1 7146.55 6069.53 4565.05 7750.84 -764.076 948.646 -666.788 5009.12 3525.94 1199.13 1344.78 -742.666 15.2348 4613.34 -169.871 4412.04
1180000 -55.6791 267.686 -429.823 4626.86 3876.76 2260.01 5896.19 4018.67 4228.21 3749.26 5718.6 3882.37 6003.97 4666.2 4912.92 1546.12 6222.21 5467.91 6820.86 4830.53 4807.22 6959.91 2217.77 -38.5218 3590.43 228.431 -2961.56 -2122.67 -5336.72 -7745.46 -5303.99 -2349.1 -5831.33 -8321.32 -5742.73 -3904.84 -5227.2 -13390.5 -3886.64 -3076.32 -2351.15 -6498.84 -2611.25 -10517.9 -1683.64 -2639.79 -1149.43 -841.118 -182.553 1220.15 1405.88
1182000 -6087.33 -1615.28 4745.37 4550.62 1955.18 1228.68 2237.56 4280.26 5796.39 6873.79 5383.62 4403.18 -1515.08 -4909.1 -3366.87 -6544.67 -752.481 -1443.82 -4409.83 -218.8 -5496.56 -4593.06 -3013.17 -3353.44 -5237.33 -7328.68 -6887.73 -2009.75 -844.676 -2800.5 -77.6366 685.798 280.917 -1248.69 3589.7 1764.92 5781.64 1479.15 5039.67 5243.31 2923.92 -3205.99 2742.92 -425.294 4651.75 115.579 -1057.53 -563.281 -2217.58 -548.775 -1574.1
1184000 2968.79 -7552.62 -6556.19 -6320.19 -1078.92 4763.6 542.258 -2029.01 -3011.28 -8416.81 -7849.11 -6948.66 -5241.14 -3882.46 -4302.68 -5763.92 -8689.18 -1994.62 -2905.88 -831.382 1249.29 66.6876 682.613 3578.12 3936.09 5107.74 6145.81 4782.71 2535.03 4548.26 3703.7 8895.62 4110.8 7271.67 8138.92 9424.82 10219 5757.32 2233.8 -1584.72 -2097.94 -2071.24 617.914 2090.28 2025.99 333.043 -69.5383 -2020.96 -2060.88 -1330.47 -5132.1
1186000 -7151.15 1166.12 1945.29 -602.494 -657.956 1891.43 1979.79 605.406 3353.22 4115.91 4841.71 6584.75 1883.18 2468.93 4135.09 2492.42 5996.16 6334.24 9730.06 7792.24 8704.68 2199.92 6659.98 4127.75 663.691 4230.22 1502.08 -6039.7 -8337.43 -1495.8 -3293.17 -2757.42 -8806.68 -10645.7 -9468.31 -9951.81 -7470.12 -5470.71 -5359.18 -6471.45 -5971.42 -5455.82 -4241.86 -3189.71 -2525.75 733.189 -1767.58 -940.206 1082.41 4434.22 14018.2
1188000 -6720.5 3325.75 185.938 1118.62 -966.274 -759.455 -2535.03 -477.951 -2053.83 1372.38 2685.11 1433.37 -478.549 -2041.96 1165.7 -1879.5 -2807.74 -877.881 -3655.41 -3718.02 -4631.77 853.972 -1423.43 -1138.72 -6863.8 -3650.72 -7087.86 -2240.54 -3951.36 -749.692 1754.71 -663.08 -1332.66 3277.66 -862.816 354.878 686.458 -31.851 3815.08 6271.63 7778.81 9422.53 2748.46 2945.07 -460.638 -796.843 -1482.54 856.207 -2701.56 1887.34 10405.5
1190000 -8799.94 -2869.22 -4762.16 -5855.9 -5351.01 -2819.83 -1737.15 -3665.95 -8776.32 -9971.94 -8977.44 -6590.76 -7407.26 -3936.75 -1309.34 -4427.91 -4295.76 -398.701 -4241.69 -5476.86 2195.55 1484.06 3079.32 4230.22 5225.16 7049.19 8509.68 8347.09 5284.45 2411.39 6439.74 4265.71 3064.67 6002.7 11630.9 6962.4 8506.65 3572.26 3278.54 1952.77 2734.13 1608.61 381.081 852.226 -4278.71 -230.301 -772.167 180.468 -2008.73 -4305.5 5487.09
1192000 5760.91 -1823.29 -797.021 -1327.5 -2877.74 891.832 281.116 2903.73 6465.91 7208.77 2476.67 3795.96 1504.84 4465.93 6962.98 3432.77 7145.44 8410.9 8568.22 3779.68 8274.76 6618.04 6176.65 1566.15 4458.18 1192.63 -201.711 519.294 -1279.52 -1986.9 -3063.28 -5748.69 -5834.09 -9038.99 -9170.81 -12008.7 -3375.64 -6771.6 -4958.31 -4819.68 -6071.72 -7496.95 -4295.26 -1755.01 -2967.75 25.941 -1325.05 -274.342 -873.559 -2890.68 4806.02
1194000 -5474.75 -3364.68 1329.15 -4242.56 -2399.32 -2210.43 -1224.36 -1982.28 335.927 17.3891 4317.86 1241.19 1808.91 -821.801 -913.981 -4969.92 -145.564 -3962.72 693.379 -5496.35 -5243.44 1015.76 -875.939 -10028.6 -4759.91 -4353.85 -1930.98 -7725.55 -6162.95 -663.568 -1794.22 1528.61 4115.84 1928.83 2277.3 4741.35 3465.2 3648.43 5848.97 6924.91 6542.64 9271.57 7586.62 3834 292.576 -710.905 412.541 330.366 2217.2 215.669 8259.18
1196000 10652.1 -3959.98 -5473.7 -4925.32 -2291.15 -5459.44 -4727.78 -5732.43 -10931.8 -8227.31 -8050.41 -8880.39 -6864.71 -5374.26 789.036 641.264 -1642.35 -3808.89 -7226.03 -2789.17 -2417.73 6.66757 2932.16 6249.72 5846.13 5418.98 7248.01 8666.88 4914.89 3500.69 2806.96 4134.42 3150.94 8293.44 6105.92 11053.1 9867.83 5452.08 6498.59 1442.97 1003.86 -1127.62 -110.419 1065.11 -154.36 1584.31 -3216.31 -2460.89 1608.65 -1795.61 -16525.3
1198000 3885.9 1684.15 2867.68 4145.07 -301.01 3618.56 3377.6 5384.18 6354.65 5619.02 749.008 1066.56 4444.64 493.449 7359.03 8972.57 8406.95 6758.16 4276.6 8283.03 5745.25 1893.37 984.121 5099.63 4359.7 -1412.16 -350.306 -263.234 -1997.01 -4759.1 -2696.79 -3484.95 -2083.79 -7000.84 -8809.59 -7503.77 -2938.06 -3901.02 -6212.69 -7693.39 -11433.6 -8821 -7487.96 -4779.66 -3173.9 -3356.31 -1121.22 -1761.15 -1258.49 -4478.79 -5024.99
1200000 2493.09 1325.55 -337.483 2413.81 -1942.04 3194.91 3029.59 -594.169 2609.68 941.171 1508.48 326.929 -63.6091 -1581.81 -5420.43 -3065.78 -4107.35 743.141 -3815.78 -3752.28 -2854.72 -2932.98 -6378.51 -5666.03 -9033.04 -6658.88 -8036.43 -1985.58 -1575.15 2282.08 1451.26 2376.57 1617.43 -286.958 -2377.88 1958.5 5644.24 5100.34 1561.93 8625.28 7027.01 8163.46 5070.48 5895.37 1205.42 809.578 -1526.81 -2155.16 2154.33 5100.7 -1441.52
1202000 -1595.29 -7993.05 -3112.97 1351.03 -4115.79 339.478 -3503.44 -7057.3 -4115.87 -3735.01 -5664.91 -6096.78 -3385.88 -2710.92 -8713.91 -656.073 -4795.31 -4473.3 -4105.14 -6566.06 -4921.04 -886.794 693.56 3714.85 3679.07 6257.64 7812.3 5668.93 6179.53 2636.93 2650.34 3760.21 1661.07 5684.4 6838.87 8872.96 9480.33 8097.57 5105.29 4814.44 1055.03 -839.402 -2036.1 745.601 -646.121 -60.2357 -2031.69 -1640.56 -4057.22 -3185.24 -9515.39
1204000 -2241.25 -2710.81 725.555 -123.305 -489.093 7553.14 4784.39 7170.7 7341.25 7744.55 4164.13 6707.65 6021.66 2128.16 3215.27 4628.98 6169.34 6708.37 5555.41 7080.99 4422.83 2528.61 1565.85 2917.49 -1305.09 524.184 2645.6 -664.776 2352.39 -3408.74 -6232.05 -8450.26 -8484.44 -7143.32 -7772.57 -9984.29 -2586.9 -6694.06 -6141.6 -7956.59 -5975.86 -10918.1 -8470.42 -1182.19 -2064.46 -982.649 -629.127 433.249 625.062 3275.37 4428.87
1206000 6385.78 3621.6 5005.95 47.708 -707.588 3541.57 17.2947 2256.32 1838.15 1621.74 3954.17 1324 6163.21 -402.565 -1325.79 -8194.44 -7022.05 -9584.07 -7797.72 -7356.78 -4372.57 -4778.69 -7978.91 -7561.72 -8903.38 -7583.64 -6901.81 -2441.5 -6494.37 -4240.41 201.425 -2031.73 535.191 2852.65 287.178 1730.55 2400.53 3898.85 7242.72 8554.6 12743.7 12610.8 7166.32 5176.37 -1083.59 -501.77 1389.01 3465.02 4655.13 4586.16 3042.49
1208000 -64.9102 -2436.31 -2419.39 -2662.36 -268.665 -4114.55 -8496.35 -2741.11 -5975.17 -7551.89 -7398.62 -7157.39 -6621.32 -6154.9 -4987.06 -4853.57 -6090.99 -7640.2 -2581.82 -2106.44 -4351.11 -4315.03 -1780.82 6745.95 4936.08 5972.34 3698.74 3482.52 2447.09 4111.93 3207.25 885.626 1681.62 6214.09 8051.36 9953.43 6952.74 4716.16 5204.98 -446.745 1428.61 -302.65 997.3 1214.68 6553.67 2183.92 2167.16 -1048.06 5.7316 1058.98 -642.586
1210000 2880.89 -2118.7 116.946 -2134.31 7035.46 8305.38 8560.75 6792.63 5433.08 3138.21 2677.7 3428.04 8694.82 6021.88 4012.69 6098.73 11153.4 8592.4 9113.68 8514.24 9306.69 4173.31 907.152 1912.21 -46.1681 6133.49 73.8774 -3467.75 -8260.31 -9128.41 -6740.46 -7719.27 -6493.3 -6760.04 -8053.97 -9120.06 -7998.26 -9307.03 -10759.8 -6337.22 -4958.95 -5202.65 -7495.4 -7678.27 1422.46 629.45 2197.41 1582.25 1735.5 -619.495 -5589.32
1212000 145.365 3152.18 5687.64 3293.44 977.329 2195.5 1147.28 2818.3 3326.57 3323.59 799.437 -22.8974 2022.37 -1550.23 -3506.19 -3003.6 -5645.5 -6288.38 -1677.13 -860.687 -6981.26 -7256.74 -7017.4 -7515.58 -15408.3 -10108.7 -6278.87 -3804.42 1710.99 454.33 1083.22 217.301 -27.189 7177.93 400.683 -2100.97 2000 2999.89 2824.68 3225.34 6167.65 6381.86 3845.58 1663.93 2653.86 885.199 2099.46 609.571 1948.47 5222.04 8813.43
1214000 -2152.22 -4380.24 721.997 -2812.98 -4929.25 -4790.06 -4974.68 -9948.35 -6705.24 -7027.57 -2451.58 -4879.68 -3005.18 -3494.95 -3779.79 -1838.88 -5634.03 -6286.54 -2986.12 821.88 -2779.01 3450.76 2839.67 3832.32 5431.65 -643.341 3653.79 1952.91 3411.06 4049.76 5503.2 10086.8 6332.79 8128.33 7723.47 3694.92 3555 5931.74 3592.68 1069.38 2301.99 -138.315 -241.612 1092.61 1059.14 -210.503 2412.8 -2105.99 -2827.64 -1758.94 -4635.02
1216000 -7298.92 -3903.78 -811.269 -374.438 3630.64 8502.31 7001.48 4354.49 1680.19 5222.47 3344.87 8559.09 8041.1 9233.33 10044.6 9996.52 10143.1 7962.61 7016.1 6536.89 5190.33 2871.9 4196.79 3284.09 625.601 2686.25 2002.58 -814.448 -1819.82 -4203.29 -8093.06 -11703.5 -9006.89 -5752.99 -6910.63 -7886.01 -9763.99 -11770.8 -14629.9 -11661.2 -7918.1 -4286.06 -1324.33 -4778.75 696.499 -1379.21 1144.28 -259.019 -736.654 -3318.79 2531.66
1218000 7452.78 5956.68 3706.24 5126.16 1296.33 2619.23 956.095 6391.88 5491.75 2947.57 6183.72 2859.38 1069.61 -1293.04 -528.517 -3167.6 -5044.09 -5121.13 -3402.24 -9036.66 -10104.7 -6986.58 -8345.95 -8559.05 -10601.8 -7706.33 -6198.96 121.1 1186.41 3024.64 1392.8 2042.91 -2644.66 -2333.8 -3354.6 4666.31 1601.99 6110.41 3932.79 8433.5 5579.59 8048.74 2122.23 3055.14 838.606 -2099.34 -3680.8 -5401.57 1380.56 618.603 7289.36
1220000 -2029.98 -2568.08 -2380.07 -1968.05 -7173.96 -9861.55 -8829.11 -8289.82 -8337.22 -4229.16 -5487.8 -1562.59 -1637.71 -3632.92 -3945.71 -4538.11 -8824.6 -8901.19 -2437.03 -2152.33 -2597.41 1273.88 -380.145 4828.08 4266.45 7158.78 3844.73 3968.6 3465.44 2040.46 699.355 5339.44 9911.58 13357.4 11635.7 11899.2 7479.83 5191.98 2081.51 3899.5 -791.286 -2234.47 -1652.62 -4213.57 953.174 3694.87 1760.36 45.8893 -604.157 640.086 -4855.06
1222000 -14102.6 -739.474 1093.66 2963.39 2079.83 4919.56 224.494 3181.4 -291.406 2817.77 -1259.08 1681.49 7509.46 7302.41 10638.5 10708.1 9957.6 10080.2 10421.3 6406.73 9410.26 4678.34 7159.83 6142.53 1517.2 4277.83 295.903 1355.05 -5869.1 -8277.5 -10833.8 -14066.4 -10845.8 -8582.74 -4968.46 -175.786 -8142.57 -7686.1 -11574.3 -9788.98 -10298.6 -5527.66 -2691.37 -102.523 -164.507 -985.932 -1039.81 160.252 -2328.36 -876.889 7229.15
1224000 -2231.67 4223.54 3092 1561.13 -1116.2 -1379.01 3430.56 5261.82 2122.4 5651.57 6273.4 -193.297 -306.536 -6076.63 -4321.52 -3553.97 -1184.19 -2791.19 -1983.91 -2942.91 -3564.98 -3297.35 -5414.67 -8323.98 -10845.1 -5915.01 -5411.11 -2567.32 94.444 3432.58 2821.69 2156.8 -2083.03 -4534.29 -566.254 1216.37 4019.6 6047.5 5011.2 7839.57 6174.4 4406.54 -1980.44 -845.201 1286.88 -988.374 -3971.35 -1690.61 2908.43 3175.38 8602.9
1226000 -5230.78 -3848.4 -4595.08 -8145.22 -9910.73 -10780.7 -9661.71 -6352.48 -6851.16 -1968.56 -7789.5 -6702.02 -6344.49 -4953.91 -7394.68 -6616.54 -8236.26 -4812.3 -6450.38 376.547 -397.439 1670.88 4756.85 5374.9 4598.68 5391.55 6011.27 6663.8 2256.59 1114.27 4478.44 10974.4 10442.3 14205.8 9586.64 7433.97 7544.55 7846.38 5623.65 3822.72 2132.33 3543.7 -730.303 92.2056 3334.31 -226.967 1697.99 3483.02 1751.19 1411.56 -2431.75
1228000 1424.01 76.18 987.094 3821.65 -920.357 6336.33 4164.73 5355.09 -1466.11 1376.22 -2997.76 -996.156 2262.46 10358 14657.3 10223.9 13241 9189.86 6517.57 5750.06 -730.205 5113.83 5420.09 7682.84 5728.71 7265.79 4321.31 428.447 -4917 -5759.9 -5836 -8335.61 -7868.82 -8818.98 -4237.5 -7313.03 -10458.1 -11311.8 -11187.1 -13978.9 -8614.19 -7385.03 -311.16 -4703.37 1120.25 -1543.67 -2256.01 -1383.23 -3926.7 -1557.6 -5809.91
1230000 -4231.65 1089.84 5418.05 966.611 -322.361 3235.78 1473.82 9952.57 5793.03 11894.4 10508.2 6027.82 -2736.52 -2217.2 -2339.82 -6061.2 500.523 -165.373 -4831.81 1457.03 -9227.89 -5618.43 -8198.47 -10732.6 -8217.62 -5465.22 -7428.49 -6245.25 -13.6658 5239.49 3897.22 4962.58 4028.67 4191.88 1396.12 -2549.8 1681.64 573.921 1954.2 7924.98 1374.05 -550.633 1446.91 -3352.81 -2077.46 -6508.74 -4048.93 1724.54 -1185.86 389.496 3643.17
1232000 1292.72 -6939.32 -5282.59 -7627.67 -7265.23 -6117.63 -7675.03 -6940.99 -3530.77 -36.9423 -1576.39 -2131.53 -2327.59 558.435 -10090.8 -7027.99 -4018.13 -6309.35 -9500.86 -674.735 819.554 4242.58 3483.01 2585.93 3433.32 4353.11 4777.19 4626.89 3606.57 4127.18 754.041 8504.64 11864.2 9270.37 10072 11061.8 5738.73 6499.78 1792.59 -16.364 -146.593 -2859.17 -159.703 58.1131 -2687.93 -3942.21 -2088.17 4200.23 323.657 -728.82 -2527.6
1234000 -2524.23 2555.82 2.28655 6159.85 3500.23 3968.09 3768.86 1011.5 -3252.24 -782.069 -1142.88 663.485 3743.95 7620.21 11885.8 10179 13591.9 6578.77 8657.14 4893.17 4460.41 5330 5380.02 2445.27 2851.71 2544.54 2450.41 -206.238 -5766.07 -8670.31 -7711.28 -9474.87 -5663.1 -2123.41 -8547.01 -4093.85 -8027.92 -8356.32 -11753.5 -11802 -6340.13 -5927.34 -1262.11 -57.1566 -157.679 3069.14 -1467.79 -3950.96 -3343.29 -3405.42 5008.33
1236000 3931.25 1578.1 1514.62 3384.31 -349.458 -972.38 -1366.57 4109.38 3908.41 3992.95 3483.58 1717.13 -571.852 -2782.97 -5248.69 -6183.21 -3093.23 -8.15839 415.287 -1633.49 -3853.74 -6400.82 -7278.09 -8191.8 -10969.1 -9154.66 -7708.78 -5538.29 -8181.59 -1935.59 1188.03 3244.18 6886.69 7219.49 1198.57 3739.74 655.396 7285.75 7908.5 9223.86 10527.4 4833.75 5636.46 2945.04 -963.626 -2590.34 676.524 4131.32 -1481.17 -4135.65 -4052.85
1238000 7091.2 -2321.81 -6170 -9721.68 -6653.2 -10096.6 -5756.49 -7618.79 -5886.51 -6394.88 -1144.99 -5014.05 -4667.14 -6568.49 -7009.05 -6768.22 -7827.57 -8413.84 -7951.21 -3180.57 2616.84 2668.48 6250.02 5776.83 3464.8 4730.04 5139.4 3049.43 2705.64 6478.88 2824.99 5684.58 6380.36 7804.95 13697.1 7391.88 1509.23 3886.06 2978.02 3831 7664.47 3860.86 5679.44 2275.21 -4070.68 -6193.96 -3273.1 2313.09 4405.27 2086.1 -3046.15
1240000 9082.72 -801.385 -1902.64 -759.342 5407.31 4116.46 7025.91 -353.68 -42.4501 -2910.16 1022.14 1454.78 4617.41 8402.99 13141 11195.5 12188.7 13020.6 4451.66 3553.97 5349.52 1966.7 6835.84 10649.3 4971.26 4193.99 5739.17 -797.632 1325.03 -3863.53 -6031.97 -3371.67 -9950.25 -8565.85 -9882.01 -6653.03 -8820.22 -8700.71 -10425 -9873.29 -5894.31 -7945.65 -5649.18 -353.301 -344.459 4006.52 -4159.95 -2099.26 -6934.63 -5524.16 -10830.9
1242000 956.035 -2630.36 1385.32 4739.46 3883.54 2197.21 3525.9 2185.84 3392.21 2178.34 1212.91 4924.54 2468.54 -1683.21 -712.337 -3451.02 -2563.02 -1348.2 -2620.33 -7534.62 -6654.81 -4815.34 -3123.16 -10284 -7342.88 -8261.06 -8147.59 -4883.34 -2405.37 1585.68 2247.93 2836.56 3868.34 6041.64 6610.52 5600.34 8347.56 8589.45 7703.12 2624.42 5117.8 5630.65 3078.21 -31.72 -3281.76 -3834.54 113.568 -1158.32 -5284.37 -3000.88 -4307.58
1244000 7243.81 -938.335 -2256.19 -8013.85 -7356.89 -8760.88 -7651.69 -8085.67 -6014.51 -4163.03 122.769 -5015.97 -5715.01 -10443.2 -7045.03 -9575.04 -5573.85 -10213.9 -3323.62 -3466.25 -683.656 3876.88 4460.94 1650.69 3417.24 3136.01 -1923.33 5064.13 6657.8 8029.76 6365.72 6628.7 930.833 7238.04 8623.37 10363.5 6511.62 7553.7 2113.38 220.232 5324.61 232.504 5562.86 1386.61 -926.151 -1810.9 -3264.2 -2686.06 2864.25 4200.34 -3021.38
1246000 -6328.05 -1530.72 3989.47 7464.63 4841.79 2711.48 5553.84 1062.16 746.193 -3782.63 -839.244 1090.67 665.562 6047.28 10721.2 10408.6 10519.1 13822.4 8460.54 6060.81 3268.02 4348.74 5229.26 3744.71 6055.07 7065.88 3114.89 3511.97 -777.021 -3786.42 -4552.62 -4956.23 -9908.25 -7745.3 -12196.3 -10659.1 -10338.4 -12845.5 -11527.6 -8691.07 -5294.85 -3970.11 -3204.55 -3227.15 -1505.95 1020.47 1966.22 -2816.13 -636.377 -1425.01 -5942.91
1248000 -3395.33 658.194 -1646.01 516.581 725.908 -614.021 -1091.04 3408.3 1603.63 -1830.99 200.23 44.4933 2812.95 5058.32 -904.184 1043.58 -1576.36 -1138.5 -3760.8 -3505.25 -8108.74 -6404.53 -6210.66 -7123.96 -5436.85 -5576.81 -1886.48 1827.86 -807.711 2647.4 -372.566 -948.894 225.888 2441.6 3676.27 1610.05 1053.31 2366.76 5910.35 5520.67 11108.2 3429.86 -1961.92 1214.8 879.952 144.419 868.955 1361.07 1596.92 -1210.19 -217.639
1250000 13903.3 1736.67 337.523 -3832.97 -8350.84 -12745.1 -7425.47 -9050.15 -7954.19 -4430.3 -3975.52 -4116.18 -6076.11 -7677.27 -5497.59 -5580.55 -8934.24 -10093.4 -11075.9 -6904.81 -2634.22 3873.83 2412.9 4467.31 3266.73 2570.09 4114.43 7385.86 8441.82 6480.95 6320.18 5261.17 4265.63 2962.35 8783.48 7262.81 8439.54 5578.09 3092.73 2619.26 7592.2 2708.5 -2897.88 -1600.05 -1865.54 2685.25 5821.83 1726.66 2623.82 3145.41 -5671.74
1252000 3965.69 -1780.17 4872.18 7391.59 5802.33 2073.28 5659.22 4639.25 1478.64 1619.15 1613.44 1138.58 640.904 3149.71 3913.61 5613.2 8451.8 8284.89 7741.65 4336.66 -1216.11 3698.68 6641.25 6097.22 2959.36 2716.57 -98.8565 -884.319 -4197.04 -2928.86 -4305.66 -2236.55 -5433.7 -8854.56 -11955.7 -15324.2 -5587.25 -7293.51 -3044.43 -7762.39 -8126.11 -3579.69 -1612.28 2505.8 3331.1 2004.07 158.975 -2723.48 472.867 -5624.68 -3197.98
1254000 6867.07 -96.041 -381.731 1704.88 4389.12 3920.78 4316.55 4064.35 6146.19 4856.09 2666.21 4991.45 -1565.74 -424.503 -1957.26 1909.3 -3201.02 -6039.68 -6533.8 -5308.28 -2867.34 -9386.69 -10224.1 -7820.2 -7189.62 -4326.54 -5061.49 -7809.54 -4325.98 -2187.57 -1573.89 -2141.83 -216.078 2885.57 2852.12 3270.14 4150.23 2888.75 2869.07 3296.3 1970.75 1490.14 3423.54 4194.48 2158.47 -1957 1419.06 -1435.4 -286.725 6123.73 1208.74
1256000 3179.92 682.503 653.817 -5730.22 -6954.47 -7126.96 -10674.7 -3355.56 -6892.1 -3152.48 -1604.56 512.894 -3969.65 -4237.77 -8729.48 -5612.65 -4472.21 -5856.94 -2093.48 -3582.17 -1654.82 -2153.78 5124.05 1801.51 -1801.29 -3353.26 -458.844 2890.07 3588.48 6414.32 6649.02 9506.07 6019.16 5911.37 6072.77 2515.55 8720.08 3390.53 6222.98 -572.543 3170.52 2036.17 -2018.52 -2480.09 -1737.63 186.959 1214 4666.96 2165.94 3196.53 5645.17
1258000 730.831 -4467.89 5242.19 3440.61 6546.04 1544.99 -362.405 2098.89 -361.398 2287.28 -2118.14 905.752 -2044.13 8981.53 7630.38 9093.36 9350.56 14395.6 13881.2 8109.01 4160.86 2030.58 5036.57 7434.45 5570.27 2911.73 -552.337 -2206.74 -5147.51 -5508.49 -7694.22 -7724.77 -4973.88 -2725.08 -7444.55 -12064.1 -10089.2 -9806.01 -9121.59 -8504.12 -5810.38 -7282.43 -1408.05 1571.58 2077.25 2190.71 940.021 -607.754 -4568 41.2301 -10102.8
1260000 3151.3 802.845 -209.886 -955.813 1311.4 3839.36 6570.94 4955.97 -2128.61 808.494 -692.399 4438.77 844.012 1893.18 -1445.58 218.053 -3279.75 -3592.74 -5659.41 -9065.36 -4254.68 -9319.42 -5783.42 -6855.11 -4167.01 -2323.59 -903.596 -310.912 -6692.98 -3199.76 -5394.85 -4278.57 -3962.21 -2076.12 4629.58 4640 4768.01 3763.41 4711.56 603.482 3713.62 5838.03 8407.56 5167.96 3584.32 2233.1 4990.49 3463.01 997.753 3867.74 3068.7
1262000 4487.35 4214.26 4343.03 516.83 -5924.69 -8231.41 -7172.98 -1806.03 -2314.66 -489.628 -4250.71 -3535.69 -4181.63 -6192.7 -9309.12 -8354.22 -7130.05 -2827.2 -6098.32 -8102.62 -5323.62 544.113 1952.57 3141.63 1906.97 -2634.01 2460.96 1494.91 4933.83 6507.01 10121 6551.81 5378.83 5214.25 1139 2776.58 6596.74 7928.02 6875.2 8401.41 4930.83 1503.84 -452.774 -4659.12 -4053.14 -1744.8 565.227 -257.703 -329.7 1803.36 -6315.4
1264000 5395.9 -1241.79 2473.41 -185.191 755.47 3807.47 4350.54 4374.61 3368.33 4866.92 1169.82 608.15 3811.28 1576.94 6589.95 9273.23 6543.51 7734.15 6613.18 11581.2 8125.44 7154.8 8366.21 4467.14 2166.39 -2431.63 -4834.55 -2130.89 -1825.82 -2990.69 -5353.37 -7019.56 -5431.15 -4919.99 -5226.91 -11240.7 -9834.23 -10538 -12537.5 -5732.39 -842.717 -2535.81 -3450.45 -4896.31 -809.637 -2322.15 -34.3037 1488.69 -6194.5 980.111 -5923.11
1266000 -3289.58 789.824 -3773.29 -2029.85 1722.22 2562.8 7432.95 7037.8 3127.73 -280.553 -748.858 5008.14 6574.91 3761.38 750.037 2863.96 -2106.43 -3402.21 -10601.1 -7734.17 -9105.22 -8914.77 -9540.06 -6575.71 -6045.13 -6268.51 -6121.97 -370.44 -2365.89 -5376.86 -4164.86 -3759.32 -725.791 -385.26 1856.27 4861.91 9251.81 5770.23 3767.33 2543.23 1335.97 1787.9 2842.31 6304.19 5166.8 1464.73 117.823 346.971 3343.05 3298.97 7341.82
1268000 5409.61 -898.959 -122.615 781.836 -6633.08 -3627.36 -5179.79 -4205.18 -7607.86 -3534.84 -2137.53 -2095.22 -1638.86 -4261.25 -10014.3 -8907.68 -9029.89 -4789.01 -1367.07 -5168.17 -3727.88 -1590.18 -3893.43 -2479.32 204.914 -283.522 -895.279 2927.35 5590.04 6080.95 3558.74 8863.51 6716.97 3879.41 5788.85 535.494 4764.77 5035.58 8709.41 8758.76 4776.91 2859 -778.493 1457.27 1337.23 -1274.17 2626.65 3387.19 3528.04 5458.24 -470.169
1270000 5538.11 -1250.31 252.625 1848.93 4229.63 4344.31 1508.83 1149.93 -96.0457 -73.9554 907.467 2067.62 3508.28 5104.4 6641.69 5575.69 8205.68 7056.21 10101.2 12108.5 10206.3 7991.3 4218.14 -1592.4 614.683 -1994.46 605.68 2765.89 2686.97 50.5896 -288.356 -2402.09 -6103.11 -10241 -6610.09 -5825.99 -10394.6 -9739.29 -13213 -8041.16 -3845.08 -490.841 -4376.05 -2046.71 -902.785 -5349.25 -2421.14 -946.014 -4141.13 -4326.66 -1795.78
1272000 1963.86 -754.645 -1140.1 3193.39 1050.35 2338.52 -1021.33 4039.28 2975.17 3445.3 55.0605 1051.48 9413.41 2573.63 1966.24 -1508.73 -2648.03 159.258 -5955.2 -7174.37 -12863.7 -13387.4 -10709.3 -8280.92 -4694.26 -3241.69 -1337.97 -3231.47 -886.874 -2979.98 -6451.19 -852.837 4546.67 2773.31 8562.53 9174.42 10310.7 7966.63 4148.73 2262.07 158.106 1530.82 2908.25 2726.53 496.864 514.485 2049.8 -93.8762 813.934 -3175.3 -1797.56
1274000 7653.94 -582.828 -219.378 -701.394 -8904.23 -3840.68 -3743.61 -5200.94 -2417.66 -1266.85 -4059.11 -5451.49 -7018.21 -9109.75 -10801.3 -10408.6 -9413.71 -4334.88 -3666.01 -2485.82 -1674.47 -3521.83 -5936.42 -692.911 3804.28 4338.44 5508.49 -521.516 4283.17 8391.08 5689.74 5232.21 7952.46 4985.61 6432.19 2012.84 2944.13 2951.58 6037.9 3712.66 4844.19 193.404 -3601.32 2547.58 -1731.58 4023.07 3016.84 2562.97 7539.57 1947.84 -2234.48
1276000 7992.79 2305.61 -2128.31 -868.268 -1220.28 2083.62 5636.83 3740.2 1067.4 1339.64 2726.94 2908.93 3785.55 3783.13 5098.68 8758.53 9096.42 8458.08 9590.1 11319 12384.1 6251.24 4633.87 6023.99 201.911 1006.9 -2134.6 -1450.82 -2604.02 -3226.07 -3548.12 -2811.92 -3351.11 -9605.82 -7017.94 -12965.4 -8542 -14570.2 -7422.56 -8580.46 -3799.94 -3329.59 -2558.34 -323.666 -3416.5 -1019.54 -37.7639 2257.47 -3644.43 -3982.9 -5180.85
1278000 -673.106 -2086.45 184.49 6193.53 10599.3 1108.88 2098.49 3681.83 2553.36 1983.15 3809.09 2054.94 628.677 88.9172 320.615 -1868.49 -1400.1 -4806.53 -5574.2 -7530.59 -10042 -12076.3 -1986.54 -3497.11 -4495.9 -5113.34 -4571.07 -8420.8 -1355.35 -2703.76 -6889.29 -4996.05 -3769.39 4015.6 4434.14 4023.76 5466 6447.99 7964.31 2969.2 -776.452 628.153 637.623 1964.27 4650.81 -355.254 2846.36 4452.1 2101.93 229.496 -5529.34
1280000 7192.64 1836.64 1159.48 -280.097 -1784.77 -2761.7 -689.509 -3707.98 -4885.55 -2683.05 -379.123 -5484.5 -2139.6 -9147.38 -9458.95 -7640.92 -7217 -6190.23 -6866.42 -5239.16 -1158.07 -1227.62 -2422.83 -2149.47 604.883 2614.18 581.134 1687.26 4037.26 3439.15 6021.56 6084.03 2769.16 3923.94 1093.33 4170.83 6685 4981.68 3743.76 5793.83 5271.99 4619.88 1490.57 -301.433 1932.35 3417.01 1631.82 -305.516 2390.93 3626.99 -5330.71
