# Time-averaged data for fix AVE_xy
# TimeStep c_stress_Au1[4] c_stress_Au2[4] c_stress_Au3[4] c_stress_Au4[4] c_stress_Au5[4] c_stress_Au6[4] c_stress_Au7[4] c_stress_Au8[4] c_stress_Au9[4] c_stress_Au10[4] c_stress_Au11[4] c_stress_Au12[4] c_stress_Au13[4] c_stress_Au14[4] c_stress_Au15[4] c_stress_Au16[4] c_stress_Au17[4] c_stress_Au18[4] c_stress_Au19[4] c_stress_Au20[4] c_stress_Au21[4] c_stress_Au22[4] c_stress_Au23[4] c_stress_Au24[4] c_stress_Au25[4] c_stress_Au26[4] c_stress_Au27[4] c_stress_Au28[4] c_stress_Au29[4] c_stress_Au30[4] c_stress_Au31[4] c_stress_Au32[4] c_stress_Au33[4] c_stress_Au34[4] c_stress_Au35[4] c_stress_Au36[4] c_stress_Au37[4] c_stress_Au38[4] c_stress_Au39[4] c_stress_Au40[4] c_stress_Au41[4] c_stress_Au42[4] c_stress_Au43[4] c_stress_Au44[4] c_stress_Au45[4] c_stress_Au46[4] c_stress_Au47[4] c_stress_Au48[4] c_stress_Au49[4] c_stress_Au50[4] c_stress_Au51[4]
1002000 2117.99 579.956 -904.198 -1059.68 1778.35 -1492.34 1686.16 -707.105 2310.32 -1355.73 285.333 449.613 -2586.64 3256.06 -3201.3 988.759 94.5933 907.162 -1234.79 -736.132 3219.14 -2374.33 -428.191 652.288 -4121.56 -1920.62 344.693 1994.71 -556.413 -1135.6 0.837778 745.394 -2067.34 1654.09 -624.889 -0.618311 -2703.79 -1392.95 4876.75 -1329.74 860.327 -1537.01 958.455 733.786 -429.752 -2415.2 3771.75 -2665.61 3030.26 -2177.72 4620.21
1004000 -5074.03 -46.8702 1843.23 343.453 -2640.54 3234.81 546.639 -1439.55 -463.35 381.099 -403.733 3131.25 424.199 1504.94 1011.81 3440.03 1409.76 196.305 1696.01 -1562.37 -2176.56 318.41 -4544.32 769.286 -2018.57 -1351.54 -288.797 1152.35 -3979.72 807.563 -1295.37 -2329.99 -1127.13 856.048 -1144.04 627.462 157.606 688.707 332.884 -444.235 2095.01 -923.21 1395.16 3838.79 -732.58 -968.114 2284.77 -4377.57 884.585 1449.39 6137.66
1006000 -5920.36 2546.98 1346.91 857.789 402.111 735.068 -740.979 1675.46 -1549.49 -1615.29 4678.85 -930.91 -1330.9 1559.92 3125.77 -1272.27 2212.81 -6910.29 488.477 1205.43 -5682.7 2246.73 -1905.62 -1224.92 458.918 -2726.92 1677.17 3562.11 -5187.93 652.842 -1594.33 -2641.25 -166.659 861.231 486.248 -640.357 1185.76 -1535.07 -1491.74 -3654.5 -1313.76 3307.7 882.363 -1696.04 4539.74 -196.22 1301.63 -122.419 4698.83 1786.2 -320.082
1008000 1362.33 -770.543 -1344.39 -3124.94 -284.213 -5265.53 2405.73 2415.6 2722.11 2618.54 -2700.04 -1889.43 -2154.12 2203.63 -1024.9 -2025.14 2439.7 -1856.22 -637.241 1682.92 1187.55 -58.6803 421.762 -2512.2 -1860.9 -992.108 3732.96 -2229.22 973.355 811.321 1216.89 -2031.16 -341.947 1046.02 -5991.66 358.333 1147.36 -1305.15 -275.219 -381.535 1998.14 -411.324 4815.36 -1668.61 1687.07 -1836.91 3112.13 1146.73 2224.37 1079.7 -9687.23
1010000 -4579.7 1735 -391.683 1973.27 687.051 -2407.23 1785.66 -364.299 -1493.07 897.606 59.0279 -621.068 374.239 -1542.29 1492.18 763.668 -4887.06 -591.751 1513.14 1160.5 -2191.37 -914.547 948.771 -2420.86 3341.96 -1309.74 2470.71 -2775.07 -2219.47 5538.22 -1212.07 1722.96 -2779.67 2011.77 706.386 4409.17 -193.443 -857.474 699.294 -342.188 -904.631 745.488 2123 1266.73 -147.09 -623.818 -497.277 502.3 2221.83 3861.82 3374.18
1012000 5050.41 -135.28 -736.699 2008.72 -2209.27 -1460.39 1792.07 -1714.17 2125.28 -3712.6 1378.25 -263.3 544.617 396.645 -2507.86 1312.11 -269.134 -565.33 -542.21 5623.33 -3566.69 -1356.08 1032.18 -4524.09 2121.05 -1698 -3310.54 -1978.77 -2373.87 1369.52 -676.309 621.429 1350.49 -397.906 856.589 2147.52 -2919.44 -2216.98 -382.051 -1981.19 -1971.75 6.84419 727.795 3442.62 -1205.42 -661.479 -57.5112 4528.32 -1676.05 2419.36 -998.365
1014000 -3845.55 1491.15 291.858 -431.028 2619.01 -1073.5 4937.74 1214.76 603.666 -845.854 764.797 2254.97 -645.801 908.008 815.179 1810.69 -1739.16 3668.45 -2753.52 2622.68 -3697.54 -4207.52 1649.61 -3939.94 -1506.03 833.257 -416.714 1236.3 3059.48 -142.504 -977.432 3547.43 509.153 -3640.48 1481.94 -509.009 -1780.5 712.708 549.095 -2019.08 2452.03 -2529.91 2662.7 -3095.64 869.782 397.319 -695.407 -691.566 82.134 786.893 3413.52
1016000 3795.38 -566.82 -996.643 -384.134 3704.9 386.241 2109.03 -1330.28 -142.557 2307.16 -362.331 2844.69 -2989.86 711.574 -2991.04 -463.604 931.794 1985.97 -4985.95 2410.1 361.336 886.152 -2801.14 1953.46 -1502.04 2145.79 -2442.28 150.995 -839.129 743.643 -251.333 708.476 -1053.09 -4536.76 381.605 -584.421 1725 1185.15 -2518.62 -200.626 -911.117 1036.94 3082.89 -3688.86 2282.5 -1854.04 1128.19 -1103.62 -3246.69 43.3498 -7171.08
1018000 -665.378 -3012.78 2425.47 1405.68 -1674.05 -4124.22 4949.41 -3399.74 -269.919 1336.81 -3478.76 -788.836 -426.915 -653.504 2110 2653.85 -3012.5 4337.54 285.633 581.626 558.628 1634.47 -1713.39 -439.046 -2479.89 1971.28 -103.743 839.839 3837.08 -707.87 1609.03 -2516.37 -1511.13 1658.8 1239.45 1572.33 1618.58 869.5 -1337.48 -1420.72 2236 582.948 2420.06 -687.034 -110.642 -20.408 -2495.36 237.139 -3766.78 1803.6 5501.12
1020000 6512.32 -2487.76 388.851 -4297.5 -261.032 -5727.61 4271.41 -1857.3 -2629.53 2045.98 -1754.92 -285.457 267.018 503.307 -1149.53 1927.6 -1673.29 2029.98 -2499.05 1486.41 413.494 588.789 1316.24 244.491 -3284.81 1171.95 -1315.66 -317.199 962.622 449.445 3713.98 -1268.2 1997.98 -1778.28 1650.47 -1801.78 3433.77 -2729.95 1929.51 -323.55 127.013 -3178.87 -1153.98 3094.79 -2413.89 5040.48 -1837.76 -229.69 -299.439 2826.63 1214.23
1022000 -3553.03 2240.64 105.308 2129.53 1490.26 -4276.36 -927.595 -1388.11 -2762.15 2637.88 174.482 384.578 3103.42 -2626.43 -1477.8 1287.22 547.841 -294.687 -578.117 -789.278 -4481.51 350.691 1279.22 -1481.15 923.894 -2136.42 55.5314 255.091 899.663 -2029.22 1405.8 262.936 898.792 -48.5229 2171.67 -3078.01 -654.558 -574.735 -1273.73 -3226.5 2828.12 -3225.41 6456.46 292.153 -447.26 846.88 -1420.3 2572.5 -1854.7 2967.48 1119.45
1024000 3262.31 -3824.24 1895.25 578.14 2109.03 -3750.29 1609.15 -2229.94 -1640.22 -67.5441 909.435 1040.7 74.2717 -2011.91 1332.74 -3324.22 1180 2712.14 -8695.9 1926.8 -2183.47 -143.878 -1821.17 798.894 -1148.99 3779.84 -806.663 -876.318 2590.1 -2659.36 -2068.76 168.179 4132.65 3145.02 -65.1374 -1764.17 5341.77 -3023.47 4029.16 -1589.57 399.629 -2619.45 -70.0082 16.5662 2137.17 -1170.18 364.988 5634.75 -2248.62 136.447 -2009.28
1026000 3890.95 1587.34 -490.006 -2796.44 2969.37 -914.816 1110.94 -2885.4 2436.78 -548.035 -1046.42 -1421.88 -1302.83 -466.868 -67.0935 113.918 1355.19 -3095.44 37.3766 1040.33 -1054.12 -350.212 -167.118 2576.08 -617.967 -2652.68 1266.55 -1105.8 -3245.13 -1964.11 -463.619 3580.4 -520.739 795.125 2357 -1309.56 1459.82 -279.666 576.657 257.752 -3216.17 1159.3 169.759 261.167 3732.07 1866.8 -1106.59 385.308 -400.326 3923.6 -2171.86
1028000 -4648.02 903.263 265.743 -716.775 3036.52 -4989.14 1278.28 1167.87 -3071.69 1108.52 -716.178 -1016.95 3502.78 -1881.28 -1243.41 995.725 -3917.39 1680.91 3018.11 -1063.08 -709.254 -97.4725 1382.18 -955.522 336.216 -64.2224 -347.853 1598.73 -3945.22 818.269 -1191.97 2726.28 -2352.26 3682.36 -645.02 -1629.36 954.458 -456.731 -1387.89 158.353 971.556 724.815 -1067.21 945.511 784.571 4578.19 931.817 1547.31 158.63 -2490.63 610.331
1030000 790.977 2389.81 4669.38 1666.5 732.672 -795.325 -1879.4 937.193 -3333.05 -3466.37 -1662.94 -1285.21 145.384 1525.99 2517.86 -2827.69 -1468.61 -344.526 1715.01 -3480.81 145.691 791.001 588.61 827.433 -1.43785 -1361.71 -1215.42 3584.61 -2402.09 -2314.94 -617.245 -371.398 2493.28 -637.05 -1047.1 -1505.21 3564.56 -1463.7 -1866.03 -374.369 777.189 2101.35 -2131.88 -1840.7 -313.456 1347.43 -1995.95 2492.61 1625.86 -2880.45 792.957
1032000 8510.26 -1269.58 -387.679 -3139.87 -248.68 -3715.96 -855.967 -4109.59 -269.885 578.342 -3222.59 -956.627 -2465.98 4244.3 -319.032 4076.03 1182.38 3723.22 1914.06 2303.24 -1447.74 -712.549 -1527.99 -3416.96 1311.41 -5530.93 1022.51 809.325 380.652 78.3502 3778.46 -1345.62 3271.27 743.005 -1968.61 -2994.05 -1065.77 -940.425 -575.755 1432.29 856.542 1677.15 757.684 -2378.46 1658.33 -1931.72 3321.76 -1093.81 4426.58 1048.81 -2086.27
1034000 1366.95 1830.1 -2346.24 1488.61 -1024.55 3031 623.607 -1132.61 -1181.39 -160.764 -485.294 -2140.86 1301.84 -2303.2 3356.16 -78.1991 -452.255 1485.67 3800.05 -478.765 1133.05 2185.73 -2459.02 1227.84 -1534.83 -991.665 -3017.4 -1190.63 -1145.46 -1802.96 -2230.04 3440.27 -1778.23 4146.76 1250.43 -291.238 -1703.17 1721.4 -215.481 880.385 1673.53 434.195 -580.396 -461.866 3653.47 -790.452 707.959 1324.8 2936.96 1425.64 -7897.29
1036000 -4690.93 862.09 2265.72 -231.021 -9.83888 -1461.96 -3689.16 -4.22111 -3032.79 276.303 1532.15 -2952.2 298.712 -2543.04 919.016 1558.56 -2733.49 2355.28 -1779.65 5019.15 -125.181 -4852.24 -1435.39 982.603 -297.937 1043.26 -1919.5 4212.13 1142.36 60.7008 -4442.93 935.365 -663.108 1004.74 -1796.14 -1804.41 -958.048 -1629.67 800.57 1366.37 1904.16 3161.57 1780.39 1192.11 1906.68 -977.812 -193.433 -35.0382 2239.73 811.511 -4603.31
1038000 4177.38 -3122.35 1983.52 -1368.2 -306.525 -96.8725 -1620.53 255.426 -4606.95 170.234 -907.603 -1775.3 1333.17 1598.67 -2368.5 196.153 3342.16 -4395.7 1276.79 452.915 87.5025 1983.68 2609.99 2319.21 -3503.06 1380.53 -5806.48 492.244 -2022.52 -1351.49 -2536.5 1804.27 1742.73 -1141.88 1030.26 -1525.49 -1099.4 -1367.32 503.623 2569.71 1943.46 4362.49 -340.795 2639.03 -1997.77 -1233.63 -897.943 -4443.95 2848.34 3521.17 -2713.79
1040000 -3870.41 760.74 2043.86 1061.84 -188.135 -610.396 495.545 -774.622 -190.567 -856.747 158.242 -338.865 -173.746 1094.48 1372.76 -1067.22 -1148.57 716.157 -154.272 -356.604 -25.3496 1975.45 -3076.59 2908.03 -2764.62 234.976 -2181.85 715.109 898.158 495.793 -3051.35 -168.868 -1065 3886.6 -79.7974 -1044.23 -429.537 1713.44 -2716.32 3223.75 954.807 -1404.72 1519.27 -1059.08 -1210.11 3532.19 -2700.84 -1722.02 457.338 3289.22 1158.22
1042000 -3453.74 617.045 -107.019 3170.38 -2120.87 1230.72 2104.13 524.414 1112.59 -1762.85 1091.9 -3532.91 -300.854 1859.03 -1551.37 835.487 2220.8 135.243 -4653.19 3034.15 -843.811 1087.17 38.1777 3044.4 -3667.58 -2872.84 3623.49 -2020.36 485.195 2344.76 -3619.37 2341.76 -3579.55 3321.73 1051.93 461.916 -344.622 -2630.19 1157.09 -319.432 -2346.44 -1007.93 2356.69 322.194 -19.1978 3293.86 -2523.16 2048.61 412.347 267.966 2318.8
1044000 -4268.19 -101.233 -2285.51 -1274.19 1180.98 2785.89 -324.464 -2766.53 1703.26 455.93 982.846 -1202.99 -1205.86 -2049.2 2417.75 -3588.24 -296.058 3800.41 78.839 -2585.65 -3022.05 3794.08 1230.09 572.686 1487.51 -3088.58 3097.71 1592.51 -1811.71 1560.31 -204.884 -1675.9 2033.17 -794.44 -2117.97 -1009.06 -1171.16 -641.706 1175.73 -700.767 1950.52 -606.109 -356.272 2314.41 3176.84 742.354 -4218.05 1491.23 -1605.43 -2593.32 7980.51
1046000 5196.6 406.937 660.87 -1124.52 516.122 -992.711 998.414 -1319.18 -2204.37 4519.18 -1306.16 -95.5468 -2360.04 -1194.59 1190.1 731.854 2689.07 -302.279 -2845.52 -1235.4 1399.22 5848.94 -751.547 3915.17 -2297.63 -2451.34 955.078 -2918.23 -2480.67 -1717.6 28.103 311.858 915.306 3444.85 808.363 -2568.26 -2037.29 2420.02 2907.69 -5537.77 5509.54 -2423.46 -844.329 -138.756 -2021.45 1764.07 1255.18 -1711.71 2359.38 -1002.32 -6166.26
1048000 4285 2258.78 -447.368 1148.07 907.111 -1119.93 -356.848 -277.916 3192.44 231.057 231.468 -3920.65 -199.324 -374.964 -2550.83 818.061 1233.5 123.438 502.196 -2264.59 -253.755 2984.39 2814.75 3477.84 -1675.9 1687.81 526.585 611.092 941.33 -2372.58 3511.03 645.182 -2225.38 -1831.75 1460.84 -1288.42 -3237.27 228.741 1228.17 -5257.54 1945.93 -1162.29 170.468 -710.049 779.142 3431.4 -520.535 471.38 -3934.03 1434.83 -1688.68
1050000 -1264.1 -1325.8 -997.668 4811.01 681.248 -522.619 2126.49 -3578.89 402.091 -910.486 -2195.89 -211.174 -2970.29 -664.128 -3390.83 6526.12 1144.07 3161.11 2587.92 -658.282 1369.61 -5261.04 -1016.83 4807.47 -1232.49 235.637 2019.95 -847.407 -687.149 -7.99572 -1819.5 3958.86 -1814.22 1512.81 -2344.73 1482.49 14.2837 -3540.32 -328.825 1819.66 1080.77 -4226.8 3052.73 721.161 507.373 -1846.67 2443.73 -123 -5087.65 3107.08 -4325.62
1052000 -10109.7 2430.82 1004.45 -137.534 2680.72 -381.898 2475.79 2020.32 -451.858 1546.05 -2554.89 749.351 421.679 -1904.73 1168.71 1490.98 52.2469 -1781.99 1731.17 -1604.28 1910.54 868.334 1293.02 1558.97 -1657.93 1225.06 -424.203 -636.582 -4787.36 2295.34 -1190.47 -569.939 1402.16 -4871.32 -2368.35 587.908 -1951.93 -950.467 -2393.45 3936.73 -1533.67 -635.566 -952.028 618.24 104.501 -1100.86 760.611 -2180.36 765.769 1085.01 6745.73
1054000 2460.63 1646.44 -1051.43 2521.51 -676.319 1397.46 5138.18 683.114 592.976 835.129 2349.79 356.167 2536.55 -118.185 -445.892 619.599 3141.71 -2076.76 942.774 -1779.81 92.1635 98.9645 2348.62 -2967.17 1205.45 -1429.7 -2096.36 -1495.81 -1221.05 -772.505 -1373.8 1378.19 -563.518 -1232.71 170.313 124.986 -1153.9 -328.313 575.556 -316.992 -424.455 -695.466 2881.32 1325.72 -1037.59 3307.35 -323.246 -2596.93 -22.6189 -935.625 -7077.99
1056000 4484.47 -1442.28 -6679.27 -240.943 2105.32 1048.67 2560.87 641.832 1968.74 -1886.85 5978.61 -152.926 936.784 837.418 1905.03 -1754.7 1673.65 -3539.66 311.949 -3017.91 -2967.76 1755.22 -512.412 -3626.95 1198.16 623.118 -1134.26 -352.913 -2005.19 401.506 3473.67 751.757 -5182.35 2951.97 -1571.21 -1333.56 821.031 918.109 168.497 1642.68 1710.39 -1507.39 -173.114 -533.522 -4594.89 1579.89 -404.909 2003.01 520.46 -746.126 -1516.27
1058000 -5943.96 3066.06 -1072.27 -2338.45 -2581.21 2328.88 -117.282 -775.94 2850.83 -308.28 862.427 -16.1112 -1120.01 -130.379 458.284 -1325.24 1940.47 -3630.58 758.545 -1078.55 -1240.78 2831.75 569.014 -3448.19 934.758 1602.75 -3033.9 1694.25 2369.96 -2245.15 1671.9 2224.99 -2161.55 1496.71 -47.2642 -1429.16 1115.77 710.676 3155.07 -2522.69 1021.09 -609.338 3.16236 636.747 -193.864 101.576 -2044.77 1305.79 -4252.6 1186.77 2370.3
1060000 -2527.58 -200.553 -1376.81 -1000.52 2944.43 -2386.91 2569.2 351.438 -3075.1 -727.249 699.951 -1445.21 -1467.8 -2215.24 1589.9 -2.88148 935.175 1450 -2668.93 1153.07 -1920.72 -713.267 349.371 1718.48 177.339 -1368.98 1813.33 -198.336 -515.877 178.366 676.65 -3452.25 -937.668 2942.13 -815.927 -2669.43 3380.57 654.392 1532.78 -961.268 1320.85 2043.35 1733.29 1313.22 -127.996 942.968 302.294 -648.053 -1022.53 1829.73 4364.04
1062000 1310.64 -760.549 2394.3 -3188.14 687.171 2010.16 -2379.48 -236.907 -4945.85 495.397 -211.617 -3086.36 2153.69 -3402.65 1965.93 2099.57 261.489 114.947 2119.86 -3139.45 -4.98744 2006.05 3395.48 393.368 -204.807 -2699.2 1141.74 -2149 -1854.17 -1131.95 3376.13 575.776 -2421.44 564.48 2350.32 -3725.19 2485.87 -355.991 -28.1664 -2217.76 1954.27 -1780.53 -1434.28 1704 2513.79 1439.18 -4074.97 1749.09 2472.44 180.1 2235.98
1064000 -1181.12 3576.57 -1855.27 1322.61 -3629.18 154.349 -1112.41 -799.675 -736.144 1029.51 -987.402 -601.984 2361.06 -3704.99 1359.76 -340.57 2453.78 -4873.68 -207.045 1682.66 -1385.13 3317.16 34.7446 -4180.44 4650.66 -1564.27 57.1198 -880.612 -3986.64 -952.737 3027.82 -3846.97 -1621.78 3693.8 -456.396 -557.982 540.367 -240.724 1625.79 -4072.22 -3199 471.895 2340.24 488.513 2011.53 3465.44 1547.09 -1573.09 1871.27 -1161.58 2301.13
1066000 423.398 2215.66 2148.69 2242.3 628.128 855.127 -13.9365 -2998.01 -1317.32 1005.29 1606.9 1518.38 -617.006 -1221.35 658.045 -2474.31 -1364.94 -1739.33 2670.78 222.837 1207.51 762.484 -262.901 1298.46 1782.24 -1332.01 -899.178 -3953.52 -755.023 160.426 -3424.22 4536.58 -797.164 1103.86 -1781.38 1206.7 2346.34 -2060.57 -2037.01 1548.73 -1666.55 192.985 2459.18 2417.99 -3964.82 3172.55 -2911.8 1330.47 -5.23414 1140.22 4246.1
1068000 9806.16 35.7739 644.479 -1361.98 1650.96 1472.02 -1394.78 -1384.4 -4784.31 1548.92 -1462.39 4370.18 -782.918 3085.66 -1958.72 240.528 -1243.7 -2684.87 1205.19 -892.701 -726.893 244.277 1311.87 1323.81 -3264.53 288.547 -494.711 339.09 -2952.16 8006.87 -3811.15 1198.72 -1497.95 2574.59 -521.904 -604.21 939.342 -904.5 -1316.7 869.24 1404.71 -2918.25 -2045.34 3515.86 4123.35 1016.14 -1998.54 -1563.24 1174.66 3995.84 -7630.39
1070000 9265.05 -3964.47 -1358.51 -1.52744 2708.9 1297.91 -3468.92 1304.39 -214.606 -2497.44 -596.104 1103.89 -702.558 3226.14 -3506.41 -1229.28 -1527.57 -447.652 -1200.71 -585.178 -692.18 1320.9 1354.96 945.515 -2575.94 -2319.4 -2717.7 6130.23 -984.023 2086.12 -4010.64 3922.99 94.3964 68.2859 -2203.14 2256.83 235.826 -2356.19 371.098 -1713.71 2182.41 -2215.92 857.248 -748.453 414.456 -54.4239 592.944 3776.87 593.907 -118.736 -5434.46
1072000 3061.6 -992.796 4482 -2387.68 -1191.05 -1213.47 -520.59 2213.43 -166.657 -4254.07 -2036.44 701.106 -2666.42 713.247 539.427 -350.358 1468.94 -2326.2 -1243.49 1584.32 -1942.7 -410.36 -3820.55 2118.19 -1419.69 2224.99 -2757.91 2407.63 -3567.08 952.94 589.306 1276.54 696.242 -828.02 5065.32 2320.28 785.087 4353.99 -2092.36 445.926 60.8234 -954.7 1576.7 -3070.72 2910.78 -715.108 -1206.38 1069.92 -1979.16 -131.304 2652.23
1074000 5403.15 66.5665 1346.7 -2995.12 -431.487 -566.69 -675.528 1447.68 -1446.93 -2145.95 -2131.91 -2768.44 -806.321 -585.347 -2751.95 2725.81 -1619.79 -334.407 1436.44 -1269.93 -1263.59 2062.95 -982.421 -165.094 -386.734 -1036.88 -2634.68 3833.2 -115.314 -568.53 4279.89 273.431 693.05 1230.1 1878.2 -1350.93 1976.1 1814.75 372.422 4488.51 1435.94 -3671.82 4441.23 -1573.39 1578.62 -780.662 105.729 -1183.21 176.015 1152.99 -6423.03
1076000 5026.38 1242.96 -1036.48 -1115.63 1843.3 3117.27 -1041.21 515.695 -758.948 -1967.41 1171.72 -1471.91 3947.99 -382.891 -401.792 -135.465 1254.48 -1469.97 394.264 -2373.15 -562.73 900.25 2318.07 694.811 -1444.35 -2603.3 -212.532 -2598.92 882.411 2133.98 500.368 -2587.04 673.143 2404.5 -674.232 290.395 -1180.13 2107.31 -886.637 -1412.51 -1274.84 249.18 -399.313 -833.166 -507.502 1444.89 -2255.91 1146.84 391.726 -413.948 -2690.87
1078000 5629.06 -1198.08 720.903 844.263 458.398 34.7412 1578.41 246.819 1530.5 -859.322 -3245.97 -1566.84 2892.82 1322.07 -2314.17 1481.99 992.058 -713.173 -255.255 460.4 -244.539 -3186.53 6716.24 863.135 -1095.41 228.693 1420.47 1410.5 678.48 3061.42 485.178 1772.58 809.244 -2317.49 -3593.28 2195.64 -470.2 822.593 729.758 -333.828 -551.153 -2205.32 -511.048 -237.183 -1233.76 -2322.4 2648.09 -2248.44 -2857.94 -2273.65 -240.141
1080000 2280.25 1926.79 2881.38 -142.254 1629.48 -271.74 -1735.38 314.758 -1424.21 -860.533 -3874.33 515.085 -664.183 1809.94 -1819.15 -2430.86 3450.76 422.821 482.005 -2257.6 -2134.61 -1425.51 2537.71 -944.811 2456.66 -2999.2 701.904 3578.04 2059.52 1744.98 1594.79 -2536.18 -727.87 -2583.77 5609.97 -1210.02 134.187 -76.3739 34.7678 419.22 -286.714 -3922.92 -936.557 -5577.67 1513.05 -950.021 -459.24 -415.566 -736.672 -1552.84 -3525.75
1082000 6809.68 -1740.7 1408.34 -1247.39 665.547 2187 62.9806 2800.36 1511.31 -3962.67 2631.33 -1018.43 889.191 2933.3 -5901.11 242.83 -3043.73 2074.36 -21.1588 -4603.89 3896.8 -25.177 1858 -806.545 3301.57 -4390.02 688.753 1120 1006.2 114.534 3847.08 -1677.82 2985.83 -1860.05 5305.12 294.096 2301.21 -2366.76 3028.95 595.025 715.453 438.893 -4170.8 620.521 -1017.2 587.227 -487.525 483.816 -4689.03 -2061.79 -3031.48
1084000 -13700.1 2434.89 3694.76 -319.403 2530.34 -4373.55 1321.53 -717.267 -976.598 -1211.31 1910.59 850.029 931.616 3748.42 -5253.59 4481.19 -910.728 -713.039 -2766.38 1818 -1592.74 2216.61 -658.664 -2592.67 -668.228 -852.679 -291.144 3347.08 -153.896 -385.035 -3426.66 1494.29 -1169.33 -3321.42 195.266 -1350.06 2778.18 525.97 251.531 487.72 1120.52 1382.06 -3.1955 1623.94 -2669.6 1545.32 -1770.09 2167.14 -817.474 -1113.87 6024.65
1086000 -4364.74 -879.956 400.51 -429.921 2787.7 -1589.99 613.924 -1419.61 1571.82 797.626 -853.906 594.522 288.202 -1796.09 -331.473 2745.02 3482.03 365.366 1720.4 -922.299 -1683.93 1721.2 -4240.25 -3881.04 1794.89 -2176 -2019.57 4343.45 -1316.12 1055.54 -919.256 604.302 -467.966 -258.968 -76.297 -179.128 -532.31 288.616 -1293.64 -2744.22 -839.512 1446.67 -3772.54 2292.96 683.371 -3862.57 1422.51 2656.52 1479.13 1962.57 4014.96
1088000 -6982.14 3064.61 1018.22 -1645.26 2268.88 -340.588 1387.94 1114.56 3568.09 -1541.88 -287.458 1620.45 -1010.56 349.529 1548.5 -670.315 3588.63 -1329.46 622.252 -331.07 1959.11 910.37 269.528 -236.895 4030.97 -2849.98 -2030.58 -654.755 -3492.76 1981.95 -862.889 367.939 4253.49 -542.014 -1803.18 -213.963 2034.94 -1511.89 2485.29 -3630.92 -1435.38 -1344.42 4012.7 284.129 -3196.91 -2704.58 2826.71 4675.16 -2369.35 -1114.74 6878.41
1090000 -5130.94 531.302 2302.48 327.593 90.0141 543.633 -840.815 1205.37 732.901 -1219.84 -33.4872 2960.48 -983.641 1753.55 3058.56 -2367.9 715.384 -166.997 -224.13 -501.743 -3859.1 -925.105 -665.56 -158.701 -2159.35 -196.52 -1973.66 2434.24 -5199.6 581.916 -2775.72 2599.8 -3158.09 1056.37 -432.198 -1.6999 -2969.47 -317.279 297.605 -1062.75 564.295 138.45 -3352.31 719.158 -2976.28 395.745 270.136 2809.07 -2898.44 -2879.84 6546.75
1092000 5404.91 -4691.64 2555.67 -768.393 2828.57 1515.65 608.295 3330.32 -1865.94 2859.97 -39.4177 1313.42 3040.67 3835.69 -721.748 1505.01 2461.37 -402.907 -376.553 2902.4 -2118.23 2714.86 -2997.39 -3597.53 -230.636 1113.33 -1487.3 -1576.26 -602.405 543.275 -357.621 -1473.52 -2216.44 -3123.99 -101.42 -1138.45 -665.962 -3514.21 -646.989 -1508.87 -2389.8 2509.51 866.47 2460.71 -1047.74 989.019 -297.365 -565.228 1729.27 -1045.07 1982.66
1094000 -4626.05 -3593.15 3130.73 -2028.88 -758.747 -2478.61 1379.41 -627.982 3370.67 -14.743 1379.59 1136.24 -314.4 4408.51 617.097 489.58 4226.43 522.218 1235.82 1331.29 -651.57 -1268.82 -1149.66 -2771.35 94.7133 3351.58 -102.506 1534.91 -842 3315.62 -455.899 -4004.91 453.887 -3340.13 20.7365 -1937.88 2606.86 -4499.38 -200.644 -742.864 851.071 1021.63 1005.67 -3025.79 617.024 -43.7644 -273.178 -1156.33 3683.87 -3404.73 13087.5
1096000 -3617.45 -2289.11 -1352.33 3090.21 -4049.84 -500.514 1145.13 632.616 1744.21 187.49 308.538 -2311.16 3827.77 -278.892 1603.3 -1336.04 282.202 -1191.92 -334.574 4610.29 -3613.52 216.155 1941.02 -1860.58 1922.8 151.68 222.54 3846.43 -209.673 1972.04 -295.528 -2244.37 936.78 -2626.4 -8.5895 -2188.24 -1910.42 738.061 -2082.11 -142.455 -918.206 2134.56 -729.639 -1045.41 1822.77 -252.036 -343.806 27.6338 -2405.34 -2819.31 4251.95
1098000 6851.27 -2400.28 844.953 731.254 -3458.03 -803.908 -295.716 -1178.49 -2383.83 -1099.94 -1159.08 -1813.94 842.242 -5518.43 3498.2 -1192.69 -202.176 2935.92 379.515 1722.48 911.941 -1402.04 144.971 -195.601 2099.33 2543.88 -2566.61 2060.22 -1836 1617.77 -1730.28 -388.725 328.889 171.941 -2281.05 -1804.64 -744.999 2496.1 1255.57 2876.38 716.489 1952.27 -1943.15 1429.01 -396.958 1332.34 1253.48 246.467 -870.352 2501.35 -5101.09
1100000 10304.8 2420.82 -2041.34 368.638 1577.52 585.05 -1781.81 573.334 -1314.3 -73.54 -1595.1 -2061.6 266.305 -3577.89 2034.71 -2324.18 645.768 1621.23 1376.32 -292.176 2520.34 -655.64 722.298 1324.63 -2091.99 -2131.25 607.187 295.031 -4248.88 -1338.63 3305.13 -1983.08 1955.22 1801.49 709.922 -987.309 2119.99 -3141.92 -378.734 1589.99 -1167.41 1139.11 -2242.53 -1535.72 3429.92 -2201.13 3357.82 -985.732 697.994 2625.01 -10627.7
1102000 327.685 -1840.25 1406.99 2429.33 2592.85 -3930.25 -1280.04 1247.34 793.405 -857.277 -159.158 -336.548 -257.638 -1328.04 1752.38 -554.882 1450.45 -1673.64 645.54 -1848.12 -3723.88 -2335.3 2663.94 -4402.44 -553.258 -450.814 -662.65 1176.12 1899.21 497.789 -1793.88 -981.457 -3965.37 702.889 730.434 -942.03 2037.76 -539.605 -1578.72 2328.28 3550.54 2272.44 -3283.03 2970.46 2558.31 997.87 -45.2643 388.058 537.475 -2102.3 4498.43
1104000 -4059.13 2907.41 -3291 4320.43 -3195.11 202.658 780.273 2466.38 1836.37 169.853 -2359.66 2105.93 2783.71 1499.35 -4106.53 4001.56 -1914.53 -321.418 550.68 -1382.37 -2246.3 2805.31 -192.113 -4357.72 -1602.56 -1986.17 3258.99 -530.772 -732.223 -5284.58 -2434.01 213.826 168.074 391.309 1629.72 766.239 -241.171 295.531 4765.15 -2655.5 3070.38 -20.1767 590.084 -628.387 576.275 376.17 -623.566 -2133.22 1535.46 -691.221 8542.24
1106000 3734.34 1562.25 1094.18 -227.936 -512.992 4250.69 -1037.18 912.065 -1548.27 412.826 -3171.8 -1339.83 -99.8135 -2169.15 1855.95 -1200.93 -1651.02 1381.23 3209.2 -3045.21 2790.15 -3330.71 -437.199 -2370.26 101.465 3001.88 173.437 -2815.15 -461.472 889.743 -4940.39 -244.886 -217.65 132.874 1868.79 1014.33 -1401.75 740.764 91.5992 -1092.09 969.503 1917.25 2057.06 1116.41 -1482.66 2032.58 -2718.55 -334.297 2835.8 -95.8081 2631.88
1108000 4870.82 -4401.43 4241.63 -2066.83 1647.56 2056.55 -4480.88 1714.27 -205.355 -272.347 1452.1 827.888 -174.627 -200.75 1735.71 -2925.85 4014.72 -2590.38 2263.25 -3995.94 3165.35 -2497.02 -2050.86 -1003.53 -911.067 -1139.77 797.442 2328.96 -2489.67 4996 891.342 -983.514 -160.103 -1544.56 2386.78 -821.765 -844.839 -1024.65 -2054.86 1230.21 -2883.86 2144.96 -1054.55 2414.61 -1183.9 1677.66 -2039.38 -1693.11 3005.97 -741.694 1576.14
1110000 5077.16 1546.84 691.337 -3143.5 2881.51 400.819 -791.642 -2577.55 77.6896 2953.52 -44.6787 -3215.63 966.151 -1425.85 2812.54 -1334.25 723.385 -1603.23 -994.596 -419.902 -53.0848 -2047.08 2189.65 -1029.8 279.916 -2215.63 3352.59 2855.13 1502.4 3769 -2105.73 1711.01 -2193.66 1204.25 1580.64 1042.37 -2136.44 999.437 -2826.42 -245.765 -2842.36 2704.27 -3351.94 755.448 -173.269 1277.95 3078.73 -237.742 2052.46 -2051.63 -5793.82
1112000 1518.81 -562.636 -1034.73 680.41 -1589.4 169.886 -2892.72 3063.17 1471.23 4955.47 312.057 3684.76 -447.206 -850.82 -335.543 -2640.05 567.597 -2916.58 1598.95 1388.66 -88.9961 598.978 1307.04 -1152.16 3170.02 -243.289 -1732.25 -1422.62 -1682.62 -4055.13 2414.02 -1520.21 1627.16 1151.29 -1254.47 131.847 -3916.4 -1548.97 -535.674 -138.595 -856.821 1746.85 -235.016 587.781 4910.03 -1259.51 1225.53 -2795.26 -2106.72 -2104.97 -2763.8
1114000 1706.57 -523.838 -1255.91 1311.62 70.7886 1389.36 -3312.04 1752.76 -2243.71 155.779 2071.32 915.057 1101.97 -415.044 -1339.88 -1880.28 2170.52 311.672 4067.73 494.719 -360.329 1682.18 -1965.03 -59.905 2304.77 -2314.44 -204.931 561.192 1405.84 -1474.42 -1818.07 -4498.6 1277.99 -948.845 1266.08 3381.18 -571.788 -1687.43 1075.99 -784.665 331.701 -311.833 -2881.78 187.573 -2262.95 40.7137 -1544.99 587.767 -404.982 986.102 -1174.82
1116000 4411.65 -599.648 4284.08 746.589 231.002 -245.548 -603.055 3479.56 -521.63 481.856 -1884.85 -974.715 3587.55 -3583.49 205.695 -165.015 525.106 -2774.08 3394.3 -1537.43 297.197 1818.51 2775.38 -2197.12 3406.02 -119.273 84.7508 783.621 206.049 -28.3972 2711.46 -2522.85 -910.334 -994.495 2495.29 72.9718 -1504.54 380.755 182.14 -3188.01 -3436.53 -254.488 526.858 939.099 -2776.64 -1971.97 -1082.27 1000.51 565.682 606.793 -1443.03
1118000 939.019 950.069 1793.55 -3787 -1882.98 595.572 -323.279 -3591.5 2837.22 -1351.96 144.458 -724.355 321.826 1319.61 -3563.74 842.23 610.907 -1134.76 3080.4 1359.65 850.535 -1147.2 2169.18 1498.12 -369.587 -268.929 4240.53 194.872 2585.68 -1026.5 3735.63 -4341.88 3079.36 -87.24 711.553 -235.973 1797.02 -1407.86 1639.72 2519.25 -2433.67 -2881.65 498.662 357.138 -1110.53 2150.4 -1213.1 785.848 -2713.19 154.988 -1590.01
1120000 3994.1 -1724.47 -792.082 1354.27 -1842.84 1243.11 -193.482 564.55 150.358 3220.27 5.31896 -502.538 2089.63 572.44 -3325.96 1640.71 -751.901 319.235 34.758 1866.04 1255.15 974.2 -3456.77 1062.36 -3044.67 13.6351 -122.204 730.095 2664.04 -2967.44 337.574 -2337.79 244.988 -3602.33 -645.728 -606.712 293.907 -1535.21 -3065.48 -1659.59 189.401 -2715 -408.143 641.381 -83.5942 1272.37 83.8599 2324.53 312.547 584.219 -6622.83
1122000 -2207.57 -1275.14 -1342.96 -1259.07 2020.9 -709.294 4496.4 1457.8 -77.9889 -2533.34 -2656.71 782.695 -130.13 -524.29 -261.079 -288.706 1801.38 -838.266 786.183 961.255 3723.32 -152.633 -1185.46 -129.171 1993.72 1101.55 -1945.77 -2994.57 1282.39 -2043.51 3543.96 -1986.31 -742.806 -2816.52 -224.148 -468.537 1908.03 764.522 -354.805 -4114.82 -1573.27 371.452 -1189.24 -1132.42 725.823 -1145.61 1398.31 1450.27 3773.26 -225.186 137.905
1124000 85.6291 -2107.21 2328.87 -1166.77 4230.05 1015.17 1078.99 566.338 2236.19 -3938.31 4208.87 -406.487 -2146.79 1242.83 274.174 -254.257 2402.55 3959.3 2186.03 -2653.92 1262.57 -1420.88 -204.16 -2544.9 -2096.13 3752.34 -891.465 -324.368 1113.11 -3033.79 143.26 -1745.43 -752.148 -1252.86 755.484 2825 3.01926 3247.16 725.693 -1023.19 1363.29 620.177 -679.39 1784.11 1161.16 -261.255 -1162.82 3175.73 -2750.33 2308.97 1047.95
1126000 108.081 -4271.21 1480.88 -207.078 863.587 59.6101 952.645 -685.081 1965.26 -388.944 -1217.34 -2652.53 -1202.06 1886.52 577.783 872.628 771.988 -481.975 -2992.95 619.114 -297.285 683.463 -2168.59 218.303 -5626.73 2374.86 -1291.33 -4015.65 -456.728 -1302.41 1342.55 3.86963 1334.4 366.371 -2535.72 1218.09 -1103.24 1484.82 -413.974 345.386 827.456 -1904.06 -1260.28 4776.81 -1991.56 337.118 -2131.45 647.689 -675.618 1750.33 5660.52
1128000 2663.91 -1254.34 -2819.45 -1054.53 1024.8 -1318.78 -913.811 -30.0689 1810.06 429.12 -1526.06 1892.26 2567.73 1633.29 -681.888 2139.64 -80.5975 -2339.52 2456.89 -4280.52 -1063.71 552.122 -361.665 -4468.54 -2189.91 3241.09 -4740.56 1157.62 -2529.7 686.318 -1014.42 273.124 143.803 585.447 464.1 2259.23 1189.97 3860.06 1781.07 -894.31 1061.68 -3251.27 4350.42 3675.16 -1125.93 2716.34 -2825.46 -2576.45 1954.98 -1853.85 -5167.29
1130000 7055.23 942.564 2283.37 -1783.97 235.178 -2104.63 401.807 988.404 341.255 -979.255 1003.87 2602.14 1173.49 583.639 2257.08 -1401.91 2092.62 -2089.26 356.318 2063.09 -2003.03 2199.78 -2018.8 -2088.31 -399.47 -2302.56 -807.996 -868.162 2205.56 806.795 -3095.89 1183.54 -286.056 821.317 -1103.08 827.36 2339.3 2134.48 1379.97 -822.431 163.644 2230.34 -1711.49 -205.616 1369.5 629.06 -1865.72 -3969.66 2470.52 598.513 -5642.03
1132000 -6068.31 224.771 -2058.68 -434.881 1051.64 -1339.8 -1107.98 -86.9248 3707.9 -303.638 -3932.29 2405.34 -898.038 3827.28 2433.77 -2282.83 2160.33 -270.953 -1812.9 2099.5 -2527.64 246.658 -1952.2 -860.509 1915.38 -878.709 217.255 2577.47 2916.85 -1850.99 3405.88 -2529.94 -1392.22 -399.119 1851.85 889.211 -3260.19 2440.13 1234.44 1005.66 -760.8 -1069.01 -1007.37 664.339 1111.45 -4405.13 -1286.49 530.888 758.141 -911.169 -405.201
1134000 3400.16 1121.15 -3139.61 -641.87 2801.31 448.898 4876.36 139.318 3083.25 56.4561 -4339.9 649.281 -1649.49 3018.62 -1809.82 1098.54 -1207.66 687.804 -450.15 -252.513 -2229 1575.83 1625.72 1377.77 -3759.02 342.851 -2504.47 -1250.04 -143.934 -433.809 277.32 -2166.35 416.235 -1886.88 129.978 -2796.23 2277.87 -100.578 -231.474 -394.892 264.762 1483.34 -1178.03 133.667 -1208.69 -454.532 -3394.96 -215.83 -1195.44 -2193.15 -2575.94
1136000 -4998.15 1041.04 4373.62 -1342.39 1472.97 2279.62 5644.89 -3329.73 2381.87 -1388.54 -1808.09 -165.438 -447.895 -1310.28 -316.554 195.311 -423.821 3873.13 1632.48 -454.434 -266.092 -2755.8 -904.619 1292.53 689.23 3638.4 -164.885 276.6 4036.9 -736.386 -713.878 1530.21 -2140.06 -650.691 -361.728 -1267.46 1516.98 -102.942 -2434.75 1703.19 16.0003 1184.89 -1889.97 3927.17 11.5298 970.673 -2050.29 1664.04 -1490.01 -1296.73 2562.98
1138000 -7804.03 -226.443 4.73658 1081.75 285.173 -2996.29 1176.07 -122.049 -743.017 2042.33 -923.459 -447.68 -567.564 -1105.41 3956 1051.98 3139.41 -1568.19 1671.82 919.729 -412.162 -1933.15 2713.32 -939.816 718.579 -1961.56 230.082 -2133.08 1135.61 -778.814 -2091.21 317.594 -1967.66 -850.402 1059.33 2469.61 -195.323 -1203.94 -63.9695 496.976 145.596 1298.83 3373.07 2288.28 1608.58 -3582.27 -432.971 -1306.56 -1520.17 -275.711 5942.12
1140000 -7378.89 -3993.42 2986.56 2565.41 -2548.29 -880.34 -1101.1 -1513.98 -1996.23 -420.923 890.329 1507.35 947.913 -1613.09 1410.43 -1262.29 1713.44 -915.027 -1312.21 -11.1921 -653.507 -1540.97 2478.35 -1377.44 1227.97 -2906.41 -21.3355 676.261 -149.226 1796.02 789.583 251.558 -4376.94 1148.77 639.917 336.886 3034.64 2442.07 1079.6 -137.687 -2915.93 -272.52 -605.362 -679.615 1497.24 1670.15 483.632 -2840.26 1277.3 -551.781 3297.86
1142000 -2385.18 -2164.63 -2570.97 3867.5 -771.771 1714.19 -995.703 -910.185 1608.23 -3359.05 3360.64 -547.452 -2861.27 684.491 -2973.67 1563.22 -1995.04 -709.502 2282.62 810.984 605.232 -4203.2 2428.76 -842.243 3225.58 317.791 -5518.92 903.361 -470.63 -787.103 352.667 -134.985 647.472 1479.27 -4591.37 -572.95 4957.46 -1871.04 3307.07 1129.52 1414.72 2220.65 -813.059 -734.611 -301.403 -1603.95 1175.08 877.32 653.179 4126.74 776.131
1144000 -4922.29 -1090.2 -2909.65 2540.43 -3124.12 4902.94 -281.01 2561.75 1724.67 -1586.16 1058.51 998.138 -3533.48 -739.346 -2679.79 2196.26 -3047.09 3234.15 -1174.15 399.027 -4104.3 -32.8777 559.407 -1040.26 628.047 2756.49 -2330.35 3792.76 -3422.23 886.872 -1885.74 -77.0197 -884.546 1995.98 -2145.9 852.362 1175.99 39.3116 846.961 -4051.08 -107.506 2484.26 -1797.1 2437.6 -598.222 -307.334 1829.53 686.312 -146.408 464.418 8577.54
1146000 4493.16 -1714.12 1126.62 1440.94 171.658 -869.537 -1908 -885.028 3134.83 -2170.61 1211.36 -2534.38 1585.8 837.357 -1895.21 -23.8592 -1539.85 2181.42 -1314.34 103.751 -1574.52 935.23 1260.05 -4028.51 -321.55 -1522.89 -1627.03 4401.79 428.318 -2784.31 -1696.28 1836.4 -2316.74 265.787 -144.921 -1783.81 -280.483 799.993 3407.53 5809.14 -224.346 2188.69 3466.65 -4960.75 -225.301 496.157 -2510.84 2583.09 -312.19 -652.534 -3045.89
1148000 -763.445 -1275.55 2560.03 680.219 -3160.54 133.144 -418.448 1762.7 -258.814 -166.195 384.005 -1973.18 1092.26 1817.88 -3630.95 -2993.79 915.149 -294.647 929.736 -2262.93 -215.264 58.6307 1641.69 1278.87 -1787.9 1154.15 1248.41 2573.86 -544.241 581.91 -4120.29 3056.78 -918.362 813.691 -1609.94 3260.78 -1479.06 -1908.35 -2148.33 1083.6 1803.86 -813.408 795.739 3655.22 -999.527 -1747.93 165.638 2569.62 873.846 -1699.49 482.945
1150000 -3412.58 -934.577 1394.9 2504.98 -5530.27 2637.15 829.409 -3694.21 1467.02 -1120.02 -767.48 -3935.9 3155.73 -1472.82 -4238.18 751.084 2598.27 -2426.23 5.03329 -4185.48 -219.232 4306.9 -900.907 3304.13 -684.751 1164.56 -2112.83 311.366 1373.62 2238.98 -416.461 -1729.38 1419.69 -2170.91 3404.16 357.462 -1165.17 720.475 -673.203 -4008.84 4506.96 1019.84 1327.47 3722.12 -1749.45 2056.38 -53.9354 -1311.38 1307.26 -3075.58 8750.76
1152000 3663.63 -1225.7 555.807 3286.87 -2643.04 1254.17 2916.56 -1560.99 -253.297 -318.27 -537.297 -345.115 2914.82 -1862.63 3272.05 -3006.03 2429.9 -1214.8 580.016 -2036.17 1856.31 -2147.93 -2119.14 2632.86 -782.652 -160.089 -1874 2477.01 -5329.47 452.213 -3656.68 -674.106 2057.75 547.656 -2457.38 3402.74 -358.979 526.735 -1237.72 -503.757 -947.093 1138.16 1291.38 4757.2 -3646.1 144.61 -212.371 4499.78 -3907.26 -793.241 -4646.51
1154000 -1642.17 1359.53 211.657 -604.125 4904.08 -1941.67 -458.521 -295.782 2110.02 -2256.64 269.337 2985.76 1051.07 -346.008 2959.91 -1317.6 306.961 -234.814 1354.81 161.775 58.9646 -2642.42 -701.835 532.748 -373.641 1590.09 -2377.81 -36.5148 1531.15 1512.72 -2293.29 -1540.85 -1759.76 4837.71 -4539.61 -2519.01 3520.81 1452.79 -1074.96 4861.18 2411.35 -2687.87 339.172 -3590.12 -1989.92 -1057.3 -1344.98 -3601.95 853.809 1305.95 5737.19
1156000 -2067.68 -2366.23 53.5009 -1454.13 3739.35 -1088.06 166.301 2685.89 801.351 -136.894 432.284 997.3 -36.3535 4986.05 2209.02 1946.42 3372.82 -1272.82 -1934.95 67.8084 -1217.17 -1182.13 -143.257 -296.302 -604.501 1646.56 -2921.86 1551.43 -961.651 18.3833 -51.3783 -2453.36 -2212.29 1374.92 -684.197 1755.39 2458.53 -2628.75 2264.42 1091.87 1264.36 -1045.97 -85.4571 -2034.56 1805.7 -1615.74 -1828.64 -1618.69 -2190.21 -626.696 907.069
1158000 4661.4 -3297.22 -1136.25 -2182.81 1553.06 1652.31 1223.71 -392.118 -1487.66 1998.97 -1413.69 402.924 3346.58 -1863.42 2560.4 -378.126 -706.481 -3113.64 -123.589 979.493 -1726.79 -715.836 -189.591 466.81 2339.61 -2724.69 1156.28 433.674 2507.02 1203.6 -2843.11 -1996.81 2083.84 1355.15 3167.7 608.071 1583.66 -2911.12 575.782 4606.6 -2677.79 2567.19 -1353.78 486.018 630.783 -3563.73 -3699.67 -5773.75 1889.46 -2369.46 220.026
1160000 4947.7 -3721.76 1410.2 401.956 -67.3282 694.631 -1496.22 -2319.29 80.4022 1018.69 -214.949 2047.37 2608.72 -1028.74 -1091.33 688.038 1343.36 -1842.96 -658.811 130.901 -141.804 246.734 -2428.66 -1283.02 1761.14 4148.5 -436.329 -1417.58 683.898 -1346.72 2313.03 -897.143 4339.78 -3493.1 1663.32 -1856.46 559.22 -65.4794 464.736 -462.651 2108.84 -5616.19 2413.51 5476.82 -4594 725.632 12.718 -5.56654 -184.262 -1818.88 -839.297
1162000 2425.58 -4300.83 1999.85 -280.544 898.468 -2753.81 76.1285 -845.781 55.4181 1032.53 -425.058 3910.72 2911.38 2931.41 -3125.78 -1872.5 2558.94 -2561.33 1134.07 -1471.73 -2498.46 -2299.46 77.5495 -938.339 1689.5 -2520.88 1596.79 97.1023 1727.31 -417.216 4944.73 1122.4 442.4 1529.65 4411.86 552.853 2620.83 291.153 182.414 -2497.35 698.967 -516.721 -1728.59 -896.63 2541.99 -938.19 -1241.33 -4969.29 3910.12 -2390.95 -4844.18
1164000 10527.1 -1287.53 -1207.32 379.547 -353.491 -1984.03 -1610.94 -911.962 -2188.59 3849.95 -4281.77 4757.98 2191.72 -1743.12 -931.18 903.94 -267.57 -841.998 -2493.25 -909.114 -64.1397 211.94 -201.812 -2740.03 5297.46 -917.006 2396.61 -178.286 -413.812 720.231 2713.49 -3364.93 590.802 -2294.66 798.293 -825.057 1815.77 -916.983 2683.36 1758.35 2335.61 -2178.53 1660.77 -57.516 -140.698 -1344.17 -1313.39 -1350.39 5052.95 -1492.98 -3599.95
1166000 3313.26 -86.247 -1775.3 -1632.43 -2656.63 2158.72 -1894.54 2066.02 -2220.53 3050.92 -1604.05 -1185.42 2536.83 -2766.42 3251.03 -2114.85 3573.06 -1837.88 5.58593 471.754 2332.83 -2019.48 597.366 1838.68 -662.099 -1597.89 -1047.89 155.996 3325.61 -3600.96 1424.65 -3026.68 -187.489 -1198.62 -25.7859 -660.299 1800.53 -1437.6 -921.438 557.894 362.376 -4394.5 1895.84 58.7709 3304.52 -861.222 -2104.6 -1479.89 2037.95 1328.9 -1573.58
1168000 4615.01 804.986 -1092.41 1139 1666.85 -1139.75 -3570.63 438.274 -1350.88 4229.68 1720.21 1280.99 -1461.76 1651.85 -3328.96 79.4868 -1040.63 -1671.48 3265.88 5587.47 819.497 -2735.81 410.385 2082.84 -264.858 303.104 443.007 1159.36 4811.2 -4144.3 -1266.07 -717.675 -833.055 -725.04 1277.14 -981.339 -4569.27 777.8 -393.196 -1106.94 -717.388 1001.04 4014.71 62.1267 694.221 -1660.02 3204.31 -623.025 1267.1 106.076 -4655.57
1170000 2194.49 -2311.82 -2019.18 2823.55 -1342.55 -1266.24 2201.24 1077.24 -1223.58 1506.27 1557.12 -2545.46 329.298 6198.8 -191.802 -2246.76 2480.65 -3366.79 2778.19 -3174.79 -2837.74 -787.978 1873.32 1047.89 81.8935 -68.8003 -2006.55 -210.263 -1754.3 -374.75 -2670.25 -973.226 960.949 -862.44 -1739.99 -690.998 -11.322 -437.596 1911.52 -416.348 -2117.32 2019.07 -472.163 3693.44 -1296.1 825.076 2049.06 -814.83 338.687 786.582 -2032.02
1172000 2995.25 -660.447 1730.42 -3074.64 -605.581 -679.609 -1810.1 220.65 1380.94 2673.11 1074.41 3967.18 -307.615 1760.31 1282.62 395.927 -817.893 749.983 1469.75 -509.502 -3880.21 1987.49 -1123.92 -4960.83 2392.21 -3230.5 3524.51 -4630.28 -3163.47 -1712.25 2796.44 1461.72 -2761.04 177.227 -3218.5 2150.53 -379.294 -3390.61 4148.54 920.088 1303.84 -504.646 -416.664 2592.29 -315.35 -1321.98 4558.68 -3758.81 -1176.17 3606.15 -4564.2
1174000 -3569.3 585.583 3573.41 -1332.69 2522.5 117.016 -1085.13 1391.06 -1128.02 2259.9 -1448.76 -1950.77 298.838 2082.56 2258.39 -3223.93 -1087.66 556.604 1324.47 -2659.74 -2212.26 383.257 -1574.59 2054.71 4043.51 -1809.28 2454.31 -78.1169 -737.853 -1041.48 1101.45 -1382.39 -1129.26 -949.021 -125.52 -981.812 -312.722 427.155 -274.381 -373.254 2294.87 1564.53 -2560.73 1803.21 2839.64 202.702 3883.12 -61.4851 -2257.08 -577.246 -1283.15
1176000 2294.1 113.631 -774.643 -329.627 5894.4 -3740.55 3379.26 -618.048 -2425.56 1095.42 -677.82 1399.76 -279.592 2725.75 -4150.6 4631.06 -1382.86 -1709.4 -1810.41 3541.34 -167.089 -1781.25 -1144.27 -2431.02 -1293.82 -3.21875 -10.9731 -3179.54 2801.58 -1657.04 822.059 -4145.65 2595.94 3608.5 571.675 159.974 -1471.98 1674.19 -1079.27 1213.12 -326.814 1269.19 676.111 1615.69 489.334 -1027.23 1265.6 -4276.16 2829.59 -60.8568 1102.37
1178000 9898.33 -1180.95 1111.2 -3198.66 -64.1186 -431.352 -1547.33 1986.25 1609.55 -1602.03 -1166.37 3308.78 346.054 1184.87 2021.94 -393.039 1891.1 -3612.21 -588.469 2981.25 -1483.94 -467.243 -1979.31 -1760.58 -5800.34 149.846 -1114.54 2701.35 -1972.42 56.2196 -1830.48 -2738.77 -1822.98 -159.115 -268.523 -1122.76 -1746.52 -1135 919.023 445.616 -108.568 224.288 695.131 101.73 -3304.4 4058.7 3378.64 2125.05 223.925 105.666 -13096.9
1180000 4242.68 -46.9807 269.351 1.92919 -1239.54 992.608 -540.673 385.546 -18.2085 234.181 1679.51 3134.26 -1057.05 2020.33 914.976 -448.25 411.478 -342.598 930.589 2413.21 -4879.96 1695.64 -375.2 -580.636 -1466.76 -2842.96 -173.744 142.481 -3433.98 298.753 -3866.44 -969.265 -1648.4 407.554 -2351.59 452.404 -983.036 -2681.14 -1520.48 1144.46 1750.39 184.919 748.556 3111.75 1306.32 3395.04 903.098 971.646 3570.2 -2032.42 972.85
1182000 -1107.07 126.586 1379.08 1078.78 -1101.73 -1610.6 -1244.83 -1461.4 -37.3285 -301.436 -436.808 1390.32 1290.14 -534.463 1031.25 -474.114 408.095 882.816 2747.06 -878.71 -152.359 126.664 1155.46 -3184.26 1265.38 -1883.72 758.948 1756.55 -214.842 -1158.83 1626.67 857.146 -1993.98 -4193.05 -535.295 222.86 2439.01 -3835.26 -1180.14 1414.58 -1217.57 1601.48 -391.898 4046.78 -636.776 3608.44 1309.47 2142.88 1442.49 1266.14 2011.67
1184000 4887.13 2290.97 885.255 -837.664 2055.98 905.643 378.377 -1387.44 359.139 889.466 382.052 1878.72 -293.325 -448.592 -360.251 -686.977 -1437.76 565.962 -214.904 -1295.92 1026.08 -560.793 -189.997 -979.045 145.798 -537.486 -2370.28 2503.11 -988.413 1279.72 -2267.36 -100.811 -2165.95 -1962.04 -3277.66 5806.49 -3033.4 -898.005 -545.313 -181.595 761.989 795.165 160.363 -59.3985 -491.337 961.017 -2907.32 409.557 1264.36 2639.28 -6935.98
1186000 -3035.08 -118.666 -2843.61 1144.45 -330.392 -1528.24 -2313.35 -5.9221 -3911.86 0.0443093 3851.06 1052.68 5131.03 -1445.54 2150.45 1556.17 -3847.24 -1207.34 -985.525 -2230.58 -228.213 -3236.21 3792.91 -157.529 -1292.14 -3304.02 -751.248 319.072 -1088.49 -2407.86 237.623 -529.36 268.578 1117.32 -2167.57 830.522 1075.84 -3015.78 2906.79 -5791.8 7171.41 -2681.81 1356 1571.19 3064.19 2152.94 -2721 535.17 -1764.7 1300.37 2932.54
1188000 2438.51 2725.95 -1719.13 1199.18 1392.42 -650.759 -648.019 5189.02 -1449.62 -290.34 3615.02 -4358.57 1029.81 -4042.62 928.983 -223.949 -989.228 -437.349 523.48 -2166.71 1587.14 1775.41 -1158.79 1329.11 1787.29 -1710.67 -3279.42 -650.553 4225.35 -991.239 -545.108 -1990.8 -3448.87 330.305 -970.755 2779.96 2049.95 -2190.32 2578.28 -3486.07 2455.78 -1670.77 816.201 -961.172 1142.22 -482.99 -1469.96 -10.2071 -1766.55 1874.35 -3950.44
1190000 3486.76 -1537.11 4557.36 -2560.51 1360.52 214.308 1100.88 -330.751 707.341 -315.595 2688.24 -543.284 -2636.54 -1876 1317.47 792.584 1220.23 -2031.92 -3274.83 1121.42 -111.326 2602.07 -2759.17 -1702.14 -135.279 2603.35 -2750.75 -1350.76 -1507.59 2114.87 -189.077 1925.84 -341.037 2475.43 -828.31 2443.31 74.7223 1392.53 -2184.93 428.826 1114.24 -607.011 997.171 -1439.36 390.052 1997.48 1494.6 1340.7 -1291.14 -1147.35 -2531.65
1192000 -1427.74 863.715 3024.29 -2525.22 3555.76 1407.29 -505.644 1397.6 -6.70373 -2092.5 -337.234 -474.399 242.874 -170.271 400.944 -1213.97 -1637.79 -3963.42 1080.31 1485.55 1914.04 -2338.68 1271.75 -1192.44 -1098.95 249.726 -1151.03 -26.7021 -592.348 3694.21 -368.472 -3845.58 2832.55 837.137 2067.39 -457.037 -975.004 -1796.11 -1692.04 2508.21 -1954.81 -168.193 -533.881 364.728 650.646 -2046.76 -472.734 4578.54 799.376 -498.778 1915.17
1194000 -653.86 2406.68 2475.22 -2236.01 -2991.23 482.774 783.737 727.692 2270.44 363.204 -299.083 7.7099 1218.87 324.416 -1540.94 -226.08 1700.49 -1350.25 810.469 -1697.97 -25.4163 3106.23 -1074.39 -1120.77 -1582.49 495.778 -1122.62 -1302.38 -2427.23 -885.181 1297.62 -3257.72 167.596 -4057.82 -473.327 1989.96 -491.509 32.364 939.785 63.8584 340.297 -311.654 -3048.62 601.339 -1486.48 1137.93 -1104.45 1839.85 1126.14 -1430.15 -1320.97
1196000 -6025.1 4464.58 -819.401 -1130.67 1365.67 -3056.41 1075.53 1416.04 2423.24 1301.82 -25.6454 -3093.63 2415.58 555.848 813.447 -1773.65 4028.92 -4304.62 5576.11 3081.3 -2273.33 -4061.86 -482.745 1497.71 -661.716 -2444.4 -1885.69 1201.74 -1948.04 2021.95 -48.5147 2276.64 1809.1 226.389 1867.32 737.997 -1541.15 -635.651 -1821.07 -2316.18 -3565.43 1107.02 -853.273 184.475 -1877.44 4874.08 -4663.15 1014.28 742.482 1706.49 7225.65
1198000 66.3419 3094.27 2693.82 1701.48 347.489 -190.989 2967.34 2844.84 -4033.49 -3056.85 3686.14 838.165 3635.46 -3309.61 591.897 -2659.12 1713.49 -2992.95 -407.866 2145.49 257.604 -584.955 -3466.61 -1884.32 42.5538 1330.84 -2618.56 1017.93 509.81 563.593 -602.868 3808.88 -1229.81 -2125.13 -481.339 -1162.99 3127.11 1164.83 -1672.29 -196.585 1595.42 -3079.4 1295.2 -3214.96 -1410.33 529.733 44.6379 -36.0998 1486.06 -2624.29 2286.02
1200000 6768.94 933.235 2620.74 -497.993 4498.22 -701.936 1411.97 1587.6 -933.264 -542.888 -2440.55 2299.65 -1235.35 1469.51 138.451 714.776 -463.269 -2105.02 2529.36 -281.34 -2230.36 1524.34 -40.803 -886.471 -2302.16 -2114.44 -2814.89 255.016 -2151.31 2225.08 -1077.17 -2321.89 890.177 -1775.53 1797.74 -1313.32 -238.703 -989.636 53.9139 509.916 2370.73 -1712.54 16.9392 -2059.36 -1950.33 1663.76 1962.01 -1237.24 4651.31 446.77 -3913.58
1202000 4665.53 1375.59 947.233 -1177.43 2261.03 1859.01 3306.7 1149.56 -3879.51 -701.487 2250.75 345.544 -2570.92 -530.491 2580.45 1053.03 4289.56 -3180.3 -638.334 -3152.35 -2262.93 2617.42 1374.83 -822.096 -175.668 -1191.49 -2292.12 -862.731 -1118.06 3635.98 -1341.72 -1840.48 -309.942 -926.787 -972.742 -1672.89 -1405.86 -1559.96 1272.16 -2172.68 2053.15 410.389 -873.798 -494.076 -9.34374 -855.117 -894.503 685.358 1377.05 838.968 564.944
1204000 1295.43 -732.053 -2835.75 567.471 2426.57 -1129.06 -364.381 -2658.66 -2345.48 5175.16 -3576.25 -1303.88 -298.764 1046.84 -238.251 -280.445 4028.39 -328.052 -633.398 2067.93 -2274.2 -3293.72 6000.46 -1303.56 -4310.12 -1964.74 70.6829 3449.4 273.055 19.3724 -1915.83 232.968 -84.1704 -144.637 2722.69 1391.04 1394.33 -296.064 2487.04 -3691.77 196.85 -5021.16 601.12 2144.02 2157.75 1121.48 -1751.51 309.356 3450.14 -342.659 -5403.22
1206000 -4247.21 335.752 728.985 -11.9691 -3487.01 2064.74 2066.54 -45.9408 897.174 1223.14 1744.53 291.813 -3519.48 588.845 -972.535 -1547.31 -614.038 1917.8 -3586.36 -116.109 -788.242 2084.73 4552.68 -1950.62 1538.93 687.067 -1698.92 297.571 -1132.12 2485.42 -2042.48 -2721.84 1967.73 680.359 -87.7404 -1534.35 2723.33 2811.93 444.675 -690.837 720.961 307.123 -1157.79 -276.189 -134.376 2386.82 1153.96 -702.521 561.856 170.916 2513.65
1208000 -2002.89 -256.054 -3490.13 2296.35 -840.257 907.397 19.0994 382.608 2704.12 -1560.66 1228.05 1377.26 -854.994 892.297 -1286.15 1115.87 -2973.59 -491.505 -604.681 673.264 -1988.17 -665.986 1920.46 -37.2781 -1021.5 -1617.51 -1406.74 1154.46 -77.9485 1538.08 -40.0934 1680.99 -1137.92 484.477 1483.47 -1000.09 -1651.49 559.054 -2618.89 -1998.01 719.571 2290.43 -428.203 1342.6 77.1201 -829.124 -1437.89 -1149.73 622.269 -218.592 5730.8
1210000 12810.8 334.752 -522.275 1737.86 -938.633 -919.054 1792.04 -311.483 1244.24 -2199.96 1083.89 -923.103 4706.95 -3254.13 -882.441 -3237.12 2581.66 -1457.8 3621.11 1768.89 -1434.26 -1463.49 -1774.86 1040.53 -1926.06 -2744.31 -1465.69 254.469 -299.703 -3267.94 2345.7 1779.47 -992.706 -2140.57 752.059 1253.92 2468.57 -2004.11 2590.96 -3259.77 2209.22 475.605 3007.96 489.868 926.783 -3231.83 429.321 405.735 -1129.81 1059.2 -4923.58
1212000 -4840.29 3657.71 -3679.46 2013.98 -2248.4 -386.097 1392.31 -1969.02 -452.366 328.142 3094.21 1289.41 2480.82 3263.7 -486.395 1611.78 5368.52 -4044.99 3138.96 -3331.42 -952.969 -819.227 111.833 392.341 -530.914 -500.372 -2051.14 -3542.49 -1005.87 514.209 4369.26 -2372.25 399.983 -1428.71 -1498.4 -2568.2 2552.19 -1426.93 -628.378 3281.52 267.01 1601.01 3276.81 -2376.18 -748.23 -1685.55 -481.245 -523.712 -3104.96 205.627 4554.65
1214000 -1806.24 453.085 -1354.77 2476.05 -1787.9 329.898 -504.22 807.598 -417.104 2589.44 20.4421 3105.82 3178.73 894.084 1106.96 -2544.67 3241.73 -2791.74 -1425.45 -575.25 -1436 582.451 7.50138 3294.72 223.271 -1855.37 2610 -1107.77 -1083.45 271.782 674.111 3191.59 -140.199 -37.8572 -2763.45 -2101.15 -3769.91 -4809.5 494.695 2316.86 -3369 3039.08 250.088 -272.621 3653.85 -1047.43 -2889.45 1405.13 -2454.58 -3929.22 86.9436
1216000 -11663.6 2471.05 -2333.82 -1660.75 -1069.36 3089 -289.209 3738.45 -2911.66 1249.74 1662.08 2657.93 2340.96 599.897 695.804 165.711 858.906 -249.647 -446.499 -665.6 -128.016 966.56 713.823 -1849.65 -1039.7 -926.001 4326.51 -2342.05 1062.23 -1129.84 -1862.37 2150.32 454.252 1920.16 1101.08 -4040.02 -2107.39 -57.0062 -586.063 2256.67 1638.01 -1172.14 106.625 -1730.61 -1206.66 -879.292 -1922.6 892.544 -1406.21 432.778 1402.53
1218000 -5914.8 5584.32 -622.381 -883.491 -745.596 1185.5 -2695.68 4730.15 1255.84 3567.72 2285.22 -258.443 211.196 -489.13 -1063.63 -32.5702 -8.81627 852.044 -894.114 -2076.95 -726.413 1789.82 -2616.14 3573.35 -159.52 1344.18 -910.541 536.142 -3191.94 3743.16 -1913.5 -1594.31 -3401.71 808.666 -317.064 -2225.03 -1150.32 363.708 3196.51 341.164 1940.9 -1718.62 4477.69 1642.7 239.204 -2405.04 2164.84 242.75 -2642.75 2357.3 -5007.82
1220000 1669.54 -720.345 252.602 -1967.83 -2905.33 965.578 -1748.85 1419.07 2642.48 -1147.14 -721.897 1904.1 -265.518 -2178.44 -811.43 3776.64 -2487.65 1367.37 -831.71 662.169 -4468.87 -3390.15 -1422.04 2987.72 -723.45 1267.67 -579.107 -292.914 1026.06 -403.725 509.166 821.277 1905.69 -2458.78 578.32 -884.034 -1755.39 -1731.94 2841.66 -2207.52 1477.33 -1874.67 1703.16 -112.83 263.905 -1722.72 3094.69 -1728.18 3134.57 -169.829 1451.71
1222000 -2574.88 -261.501 -1430.74 1579.25 1380.99 -346.11 -1642.08 -509.741 2256.02 1662.48 506.946 2074.87 -464.166 4021.74 -2447.32 1611.36 -658.001 -41.5682 3.686 2553.73 -2003.95 671.874 -20.933 -4593.89 1015.62 -1597.9 -168.906 384.367 2158.28 32.4512 513.807 -2918.9 2292.63 29.7912 1437.74 -2277.32 1989.9 1564.03 1315.14 -2004.76 2828 -956.873 296.548 1202.84 -1783.57 620.89 -1439.12 -10.4647 1151.67 -1597.18 -2075.26
1224000 -275.293 944.593 -221.812 -1828.74 2570.4 -26.6035 1389.19 1445.49 -2684.45 1916.09 1587.72 2405.11 1142.89 1508.52 -664.018 3582.64 -2964.64 125.698 1683.7 -358.28 -3075.97 1462.35 -3514.35 -1034.14 2520.89 -1291.62 -3644.47 578.849 2037.07 937.698 -579.851 -956.344 -431.107 -85.5723 2072.17 -311.292 1653.02 1413.19 -7.67737 -674.898 344.816 1361.42 990.488 -2898.96 -1635.35 1401.55 4511.56 -5032.62 -931.829 -152.927 -2440.93
1226000 -6909.57 2021.42 -2614.57 -2386.93 5189.15 -3753.79 -1367.86 2583.21 264.376 1820.42 -1520.28 2099.44 340.777 -2052.13 3845.58 1457.81 36.5344 -1429.22 390.374 -949.492 -2088.49 1107.9 -1280.94 -314.046 2479.64 -5526.73 -1100.58 -712.082 -1722.12 -2830.36 -2626.61 -3449.91 2586.45 -287.83 -964.551 -1737.94 2976.62 1145.12 3327.16 -1162.57 -1550.33 2337.16 1505.48 -824.962 3242.47 -1821.53 -2941.81 133.567 896.61 -2391.39 -84.5669
1228000 4018.72 2016.91 191.467 3242.04 4632.18 2328.27 -2404 -949.267 -359.623 -1926.25 -768.762 2930.65 -2078.86 2360.29 -320.331 160.02 -661.55 -1592.92 -441.601 2068.66 -507.893 674.47 2382.86 1098.37 1894.46 -2498.06 -4345.35 2693.53 -1032.39 -1544.84 -2028.79 -1144.9 -532.253 -2456.36 -92.9071 1086.61 954.319 -649.629 2409.95 -3187.77 -569.245 -538.536 1164.63 -199 2448.46 1448.91 593.808 -2212.4 -679.224 -1676.52 -3717.73
1230000 -5628.32 2071.37 321.011 832.588 2547.97 4486.27 -1785.12 4270.08 -508.242 1832.1 -2359.51 4982.14 -168.448 1525.19 -3161.5 -665.99 -2414.32 3269.02 -1087 5682.1 -3261.37 1375.35 106.721 -1059.56 239.221 -1663.74 -4020.5 1955.57 -408.53 -644.056 4420.15 -3316.45 1106.37 263.248 -2476.63 -792.801 1207.37 -970.14 -1778.7 -730.499 -2914.47 -4118.48 3340.61 1772.02 1444.69 -55.3269 -1850.18 -2719.51 3986.93 656.566 4522.63
1232000 -1436.47 -554.037 3377.89 1093.42 1557.12 -815.284 291.848 -82.542 -1212.22 3599.2 -2754.02 -1537.82 3708.22 149.477 -3043.23 1326.78 50.3949 1915.16 -1363.62 855.09 155.766 3130.28 -1083.9 832.336 -2967.6 -1612.83 -3875.37 -1030.08 -3.97542 -119.354 4379.86 -5096.73 2548.44 -215.988 2280.25 -846.248 -4524.56 647.009 696.695 -2197.89 -694.971 346.595 -1722.74 2012.25 994.14 -715.535 -3056.75 106.347 1992.88 -1599.92 6554.62
1234000 -1987.25 -628.646 -1114.51 3774.66 -1416.88 -1909.37 -1439.56 -889.636 -2041.97 2696.93 -3640.76 -626.532 -262.569 -686.263 1015.93 807.139 577.768 -1068.81 -2297.71 2128.5 -883.011 -921.993 -1755.81 1182.97 -2835.79 318.031 -3456.21 779.822 -1754.57 1016.44 2224.71 -2370.98 1857.07 -1054.87 48.5025 2770.15 1992.87 208.62 632.368 -2773.79 332.635 530.603 789.589 -658.697 -47.0042 1348.53 -618.973 855.206 477.113 -1825.18 7825.4
1236000 -5495.23 -713.404 2274.29 2192.68 -564.888 -376.685 913.298 -3481.93 3171.33 -1483.35 1437.36 750.091 -4464.15 2304.27 -3523.43 3779.09 -1678.06 -453.893 -1878.93 1875.29 61.2878 591.426 -417.273 2640.95 -1234.54 1571.41 -1909.23 -908.529 2194.93 3026.61 -2951.75 2469.16 547.177 -3652.8 1974.45 4988.84 1049.03 -713.582 633.328 1653.43 1030.39 -27.4033 -537.171 -3232.98 -458.565 -2868.82 -407.858 -2299.14 -516.202 477.197 5507.59
1238000 3340.78 -2463.1 1605.44 -490.467 -2565.37 1820.86 -1210.54 -1506.04 -3585.7 412.014 439.457 -708.059 -273.273 3296.66 -2686.43 1849.1 -639.528 -989.967 -6128.78 -333.264 -1303.03 1859.57 -683.399 3243.87 -588.283 1635.29 -1181.62 -67.9103 1251.88 2446.08 3103.75 -3559.14 190.304 767.594 4289.28 4015.35 4561.9 -1063.37 -2135.13 -389.594 -70.8689 -631.833 1564.86 -748.46 1080.45 2096.23 146.338 -3712.18 1864.15 -843.158 -3879.97
1240000 -6860.35 -2887.38 3623.89 -1069.99 1142.48 -1356.15 948.145 -874.625 -3693.38 -3777.82 -2024.17 -1407.12 -756.133 720.153 1580.26 2402.79 1240.23 1697.07 -2618.8 1594.5 568.42 -2623.24 1355.03 2032.07 -866.365 -1159.14 895.265 -1207.61 3740.27 -94.2972 55.3704 -2673.69 -1264.6 -750.93 -1508.33 -585.863 1328.19 1256.11 4849.05 2184.83 -2528.79 -1279.06 1857.6 2370.3 3289.54 -951.661 -1652.46 -1906.95 2735.4 -2063.86 6493.41
1242000 4497.56 -1842.3 1680.01 -87.1248 -2436.84 -629.704 -1608.46 1400.09 3406.27 -188.864 -2192.73 -1928.1 2142.28 773.229 -3228.35 1846.67 -1017 1427.27 500.071 -949.149 2113.53 -186.754 1430.56 2331.94 -1404.14 -1822.19 -322.738 -926.976 -2791.97 211.78 402.015 1059.6 -3322.65 -172.764 -904.188 -827 2180.54 637.97 2844.49 -1499.43 3274.89 -4588.96 3201.68 -1680.21 1652.98 321.597 -692.447 -3032.18 -2195.85 -2888.37 6348.66
1244000 467.98 2244.9 -1988.03 105.221 1435.43 2226.71 -706.512 -533.552 -2930.97 353.487 1825.94 2.06103 -4101.81 12.3862 -2079.56 578.087 4524.85 -1504.46 4624.68 1939.68 3926.38 -110.919 -1411.7 1117.65 -2455.33 273.89 1550.01 3405.95 -4337.13 1658.97 -2192.34 -376.436 633.92 209.347 -1608.01 -940.82 2323.59 15.9523 309.622 -4106.78 -2291.78 -457.867 -253.142 -556.303 846.494 192.123 -385.797 3340.49 323.071 -465.403 -871.47
1246000 7250.49 1119.25 -2079.57 2951.19 335.259 -898.392 2017 -3045.4 1315.65 -267.888 1390.92 346.667 -329.062 -899.12 845.697 484.563 1227.32 778.822 -786.61 1001.11 3060.59 578 494.251 336.334 -1738.07 373.25 389.889 -571.211 -1490.59 -1537.24 -2605.58 -814.926 1385.05 -792.373 -2932.3 944.301 126.705 2087.09 -2015.69 -5198.81 3568.67 -4532.83 1408.5 -2627.65 3458.14 1229.52 -3060.69 1332.41 439.016 -2250.11 -3087.92
1248000 -5672.08 2413.78 -3831.11 3128.68 -2514.69 -1391.39 1911.79 -3554.26 3308.68 919.815 3427.16 -3168.72 1103.71 -478.126 2006.33 1687.12 -1068.23 -481.266 27.3202 528.562 246.135 -372.044 2540.62 661.799 2208.84 -2556.13 1775.14 -2146.2 -3032.16 129.663 -1651.44 -957.185 2546.44 -3060.83 2252.45 -640.362 -2089.71 1738.98 -571.794 2178.95 -825.757 -1052.82 2392.23 155.849 -820.159 1190.05 -1806.36 718.079 -302.266 -796.927 5429.69
1250000 -4224.24 269.5 405.348 -2628.17 600.357 -4668.37 1292.9 1392.69 2713.06 828.109 -721.679 -221.718 2564.96 -322.075 1467.76 -2863.15 -3506.63 779.175 -2085.75 353.824 3232.56 1731.42 3363.91 -1258.18 -254.382 -2368.35 34.3915 -374.011 -62.3753 3332.99 543.366 -410.163 -398.026 -2812.87 3870.51 -3907.32 1270.39 1282.18 -2775.39 1133.79 812.06 -2413.59 1823.8 1281.34 -1005.37 3466.69 967.685 -2037.18 2569.1 -4693.53 8602.47
1252000 -7179.52 544.813 -2675.95 708.173 -115.994 1385.68 491.888 -1084.39 -2515.32 -685.416 665.487 864.578 4408.32 -789.378 1249.56 1538.78 -929.4 1967.86 -1767 1240.74 861.787 -546.999 1075.87 -3009.09 -2836.64 -1226.97 -415.761 654.646 -574.768 1341.91 -1419.38 -529.487 -1452.75 -4027.61 3063.98 -5541.31 -423.316 759.503 -756.932 -197.858 309.265 -730.62 3802.05 -2130.7 2213.74 -1486.96 2673.76 -141.495 2422.43 -3635.84 8402.25
1254000 -2052.61 264.168 -627.095 686.767 291.99 -518.333 -3683.09 2816.72 -2713.59 -392.373 -562.708 -440.797 1987.49 3128.34 -933.753 614.622 1579.57 208.454 -1747.59 2448.42 -1976.7 548.12 -779.571 30.5685 -2225.84 -416.214 -1259.54 -790.779 -2626.74 2758.97 204.193 -1653.63 2651.28 -5952.61 229.97 -1339.73 1599.3 -2267.08 -685.964 2470.56 2048.85 2900.15 5581.37 -2080.14 -233.683 3005.64 -1392.4 1417.68 917.466 -2481.47 8816.69
1256000 -2085.32 -1573.61 4934.43 3844.56 1094.67 -2654.65 -1158.78 -685.96 -2196.67 927.082 -1249.64 5029.86 -986.125 -1384.2 -996.785 -828.909 -1159.64 2272.66 -2703.27 201.693 1526.4 -951.167 927.863 746.435 1078.23 2231.85 -1322.62 -10.0897 -65.2422 -1671.76 -1536.75 -1171.37 470.615 -1909.18 -1515.98 -510.231 -1081.84 -414.625 -1503.9 -974.144 2396.32 1886.1 5542.62 -922.461 500.777 -255.662 2062.3 -6933.62 3571.86 322.663 3526.79
1258000 4057.81 -449.409 4183.6 3131.29 2933.02 -1661.48 -1446.58 -2382.52 -1236.77 2635.5 -2957.09 1454.65 1269.74 5.64616 324.126 4740.81 -3385.41 1629.98 -2198.51 948.877 4174.59 -1556.52 -580.43 3150.58 958.869 -2581.75 1479.31 -389.685 -1984.15 987.476 -3440.31 -3122.56 -174.585 -2203.62 -2380.69 -1706.98 3401.55 -267.728 -752.449 -1589.04 2075.5 1348.44 1175.43 -843.757 -2243.58 -4301.06 3451.65 -2148.19 -763.34 413.094 -4234.21
1260000 4944.07 -31.0398 1272.93 4964.76 -2272.18 1779.8 181.912 -1135.02 -1632.94 2222.29 -4991.43 -4067.92 -1365.64 1975.6 440.449 4785.41 -4046.47 3195 -442.078 -105.346 -516.415 -1876.5 2694.26 2234.38 -3464.91 -407.344 2695.01 -1384.2 -4686.78 4168.05 -6158.15 71.3094 1893.62 -987.422 2205.61 -67.1085 -792.308 174.21 947.064 -3265.86 3246.89 695.318 1380.34 1571.33 1891.62 -2078.99 -409.214 -4596.91 -640.347 1804.36 -1771.86
1262000 1204.96 1808.47 1328.36 -614.818 -1571.55 -384.009 -100.288 908.835 -5327.02 226.008 -404.016 -2461.57 -2387.69 4060.24 1412.35 2330.25 -225.953 1201.58 -6509.51 1860 4471.96 -4323.52 -149.001 -679.229 1768.45 1298.28 -690.846 1723.43 -2363.72 4312.97 -1542.45 -678.301 2986.4 473.25 -2824.94 -1152.47 -271.835 -1837.88 -302.838 1259.72 1637.95 533.714 1026.57 -1205.53 180.799 1537.94 1127.63 -718.115 -1310.99 -1709.9 2422.11
1264000 3297.2 2256.43 1837.8 -3395.44 -246.333 -1233.44 982.557 -427.426 -715.599 -897.387 -1596.42 -2564.16 745.54 568.555 -987.508 2266.18 -207.604 1778.21 2241.9 268.462 666.489 -1664.98 224.005 -1179.14 2796.04 -2499.28 -1381.27 -443.361 245.807 1367.82 -1064.62 2863.45 -3012.49 1484.09 -1133.26 580.522 -1968.49 2540.12 -1497.77 1617.08 -1734.88 1548.56 -1381.37 -2034.38 3644.5 3733.34 -4745.61 125.774 -3383.33 -77.164 1040.51
1266000 -2933.76 2.2708 3991.04 2410.99 -359.689 -2550.96 2604.06 423.573 1659.06 1107.88 -288.161 4628.84 364.365 -5265.1 -965.734 2040.41 1362.08 -2100.91 5310.99 -2222.29 -1090.12 -1164.57 -2276.49 3492.24 1427.06 -3034.14 1253.6 1649.35 -281.703 -1039.76 -319.331 3185.61 -3301.87 1577.83 -2069.82 -2685.4 1982.73 -13.4802 -3189.4 3913.08 -3518.23 -250.071 -1648.3 -322.854 637.27 -3350.05 5213.79 704.854 1465.9 194.965 3191.87
1268000 -949.572 -1692.45 2256.22 657.8 3516.36 -856.472 1919.71 1805.61 301.898 1027.76 -3808.03 1236 3876.37 671.443 -1481.08 -111.682 3358.02 -446.187 -2316.98 479.232 2892.79 -954.728 -1432.96 3057.7 -3585.65 -763.955 -572.968 -910.841 2157.61 -4995.35 1831.1 -5038.73 1022.63 1979.91 -1325.5 1259.72 650.443 -1304.6 -4304.54 344.921 2636.88 -443.727 878.305 -635.663 1221.89 -1049.36 -632.865 443.035 318.306 -5579.22 10703.1
1270000 -5044.14 1218.73 2236.67 -908.503 3685.69 -2614.92 3547.68 -94.8104 324.363 -1793.88 -960.964 -49.7572 -1255.43 -1659.78 554.184 655.908 1977.59 2535.62 -1617.48 -3188.41 1391.16 -59.9976 -1118.33 630.869 346.151 117.121 -3338.94 -312.378 -1882.99 -838.106 -3944.49 -909.621 -233.9 3789.95 4018.68 82.8641 -6395.69 1823.74 -1616.66 1277.15 -385.852 -2486 -1073.91 -2050.23 -2739.6 -1083.25 -1580.52 1224.02 1614.21 -1229.22 4745.61
1272000 8326.71 -2205.97 4183.08 -1599.45 -177.537 1897 1944.68 613.445 -1323.12 1031.46 2060.43 337.584 -4669.3 3776.24 -1889.23 1762.44 -2794.8 2336.13 -3492.9 3044.14 1221.92 -3740.05 -1334.82 2074.8 -1781.95 -487.807 -2754.77 1718.53 2350.19 20.4603 177.94 -907.687 -1410.52 -797.059 -536.064 -1554.95 93.973 1905.36 367.555 -1591.11 2480.68 925.754 1424.21 -1405.02 -1394.4 -505.791 -1078.43 -604.41 574.748 4055.51 -9708.14
1274000 -191.646 2841.57 1516.35 -768.673 -3868.18 -2551.84 3430.45 -212.835 1150.1 -2977.71 501.892 1603.04 -963.257 1983.1 -2298.79 3845.52 2012.24 3053.25 2940.83 -288.277 1042 847.093 -3844.52 721.9 3280.55 -3848.18 175.891 584.188 834.65 -1639.81 -3961.11 -200.521 708.085 -882.498 741.502 -297.867 2072.35 -330.103 269.063 3332.51 -889.897 1178.78 2691.38 460.494 -1775.33 -961.292 1330.27 -570.9 -1172.57 3851.57 -5597.61
1276000 -948.868 -629.957 251.568 -538.372 921.751 762.773 0.677685 -232.39 3753.76 432.361 -1261.11 1668.48 -708.15 319.908 -4461.27 4850.39 346.464 834.292 1501.3 -256.596 4341.1 -2774.31 -1914.88 -2838.29 -2060.85 -9.46513 2572.67 -1249.11 3890.79 -4711.75 754.799 -987.688 -751.411 -4641.87 -1087.01 -3003.97 2856.11 -3488.34 3341.24 629.565 1341.14 1827.9 -3483.51 -5245.81 91.9638 -3009.67 -2011.03 6607.9 -2472.33 1839.44 -6154.76
1278000 2219.83 -957.119 1409.22 1228.83 -1562.68 233.406 -521.166 -1263.37 2239.34 2799.42 -2140.36 150.892 -1480.86 2419.09 3947.33 834.453 -614.291 981.276 -803.891 73.0747 -811.907 -711.127 -1079.47 753.248 3707.26 2843.53 -3019.65 3641.67 -4047.1 -1886.23 582.603 -3701.9 275.27 2067.94 -1383.08 -194.001 2134.17 -1607.37 -520.976 -2614.69 2125.74 3408.4 -3718.23 -1272.13 -215.66 -1582.84 -2224.86 3464.49 1358.86 -1790.73 -4883.77
1280000 -5550.28 1799.46 -2356.21 2546.33 -1480.16 1715.39 -652.493 2926.98 266.71 597.892 545.934 -928.837 194.736 1547.75 1205.84 -1833.2 -3143.22 -809.471 -865.07 2174.19 1754.48 -3065.14 -356.857 1742.54 1924.2 -1062.88 783.023 -1477.86 -787.302 -2125.52 1277.51 -866.376 1979.41 -2572.89 2282.16 -341.703 -2731.7 758.86 -706.962 1248.18 -1885.11 3675.37 1078.54 881.134 3070.51 -2224.89 715.63 1387.95 -3606.06 -87.5721 4827.52
