# Time-averaged data for fix AVE_yy
# TimeStep c_stress_Au1[2] c_stress_Au2[2] c_stress_Au3[2] c_stress_Au4[2] c_stress_Au5[2] c_stress_Au6[2] c_stress_Au7[2] c_stress_Au8[2] c_stress_Au9[2] c_stress_Au10[2] c_stress_Au11[2] c_stress_Au12[2] c_stress_Au13[2] c_stress_Au14[2] c_stress_Au15[2] c_stress_Au16[2] c_stress_Au17[2] c_stress_Au18[2] c_stress_Au19[2] c_stress_Au20[2] c_stress_Au21[2] c_stress_Au22[2] c_stress_Au23[2] c_stress_Au24[2] c_stress_Au25[2] c_stress_Au26[2] c_stress_Au27[2] c_stress_Au28[2] c_stress_Au29[2] c_stress_Au30[2] c_stress_Au31[2] c_stress_Au32[2] c_stress_Au33[2] c_stress_Au34[2] c_stress_Au35[2] c_stress_Au36[2] c_stress_Au37[2] c_stress_Au38[2] c_stress_Au39[2] c_stress_Au40[2] c_stress_Au41[2] c_stress_Au42[2] c_stress_Au43[2] c_stress_Au44[2] c_stress_Au45[2] c_stress_Au46[2] c_stress_Au47[2] c_stress_Au48[2] c_stress_Au49[2] c_stress_Au50[2] c_stress_Au51[2]
1002000 2525.24 3176.5 850.71 1466.6 1741.45 -2795.7 -2014.48 1134.29 2855.28 -1744.52 -1213.61 -493.395 -4753.2 -2686.39 -2957.96 -2206.27 -1417.29 -7634.36 -5789.17 -9092.53 -3852.62 -4808.61 -2503.58 -5445.15 -4674.28 -4779.42 -1635.32 -1862.44 -3320.4 -4700.02 761.449 -3157.5 1961.45 -2272.81 5623.24 5943.1 9189.87 7923.62 5951.74 3326.98 -1112.94 2629.3 5402.22 3738.25 3393.28 3584.2 4142.05 7526.06 5395.51 389.058 369.862
1004000 -4171.79 -4911.1 -4784.47 -7528.5 -2717.23 -3410.65 -2518.91 -6180.94 -5277.21 -7469.52 -6317.53 -2483.56 -2772.63 -4186.57 953.953 -767.35 781.872 1630.48 3124.64 5852.23 7288.19 4659.88 4703.47 1302.19 3087.29 3090.2 6950.04 5868.19 7684.33 3690.96 9370.69 2691.53 2887.67 -1954.78 5608.11 2031.97 1485.82 -2711.49 -2517.24 -3777.41 -1430.62 -1642.5 -4466.23 1460.48 670.878 -526.829 1609.42 1758.18 -1323.31 -546.395 -2372.08
1006000 -3629.68 2189.53 3054.23 5222.01 4214.19 289.105 -2244.47 -400.044 1546.57 4349.21 2839.04 3676.69 5324.55 11629.2 11077.6 617.67 7636.18 5627.69 7309.57 5944.92 4673.82 1590.32 3010.15 3534.64 -755.067 -1342.53 -171.917 1439.4 -485.833 -3662.58 779.806 -7127.87 -2082.38 -9022 -8976.94 -13770 -8630.31 -6052.42 -4351.21 -5402.28 -4200.99 -6468.54 -2144.44 -3170.28 -2870.85 -397.999 -3400.91 -1892.78 -1045.14 -2066.12 6395.43
1008000 -1300.11 2491.51 -3098.86 -977.868 -3412.95 -705.798 -4241.58 -2538.44 -2870.09 -3080.82 -1760.54 -2762.04 -2259.24 -4731.01 -815.051 -2948.67 -860.297 -4414.54 -1338.52 -1403.29 -2075.96 -3924.14 -3213.25 -3936.59 -2745.96 2020.62 544.386 1507.15 -3772.35 -2252.93 -3354.46 -3304.17 2506.68 3024.84 699.578 6405.39 8013.53 1894.26 2781.24 3515.21 6315.09 4142.14 6642.6 4379.56 3699.81 2954.62 3339.32 2455.37 4486.13 335.056 7956.13
1010000 -8927.87 -6060.63 -4789.7 -3272.55 -4487.56 -4229.64 -5114.79 -3616.05 -4020.72 -4740.72 -11425.6 -4804.67 -4048.97 -7822.2 -5646.47 -3848.85 -6315.23 -1109.44 5149.51 5878.76 2055.15 6563.43 4776.74 6717.31 5111.19 10679 7998.4 4611.26 6593.52 5505.34 9444.3 1970.75 6923.2 4515.27 1338.44 2828.69 -536.094 -2037.59 -1841.63 -2054.17 -4100.13 -1118.76 -1144.4 -2251.05 688.191 -3471.94 432.084 3183.73 706.128 -2675.03 1682.07
1012000 2038.07 2270.62 8498.14 4836.68 3660.68 1836.79 2158.41 1068.04 2812.69 5790.22 309.242 2327.45 5719.53 6391.56 5733.46 6137.31 8407.78 6425.62 6106.13 1940.82 -1365.2 -510.242 714.609 1880.11 -1532.69 2404.65 -4294.64 -1541.93 -2206.2 -4147.05 453.721 -3811.08 -4942.84 -4844.36 -10031.3 -7331.02 -4376.41 -8269.58 -2554.11 -45.2864 -2768.36 -3897.65 -3616.65 -2897.14 -4401.24 -3528.03 -1390.39 -2267.34 -926.533 -2554.16 5792.46
1014000 1736.21 1840.12 -184.579 -2373.73 -985.69 195.344 2748.24 -1754.01 -4180.57 -3772.91 -2726.83 -2937.13 -3086.84 -3643.33 -661.793 -3604.8 -5169.96 -4511.96 -6303.43 -5494.05 -4429.25 -2737.3 -6218.85 -5169.46 -7266.3 -3897.94 -5670.71 -1018.65 -1950.95 -523.287 -671.883 2205.39 -223.305 3279.35 6661.96 8672.44 9127.46 5434.74 2267.21 6703.54 6592.87 6493.36 6996.85 2942.6 6375.4 4749.85 6127.08 3560.44 3501.37 2056.23 4372.98
1016000 -10163.5 -6297.15 -2961.25 -1835.62 -2582.43 -3937.54 -7912.67 -3629.18 -2668.17 -6144.6 -4518.51 -5630.53 -6585.58 -6376.72 -5385.3 -5976.78 -3320.96 -5243.41 -355.779 3493.07 2483.18 1173.15 532.159 6969.1 7666.26 6194.87 7400.41 7324.41 3590.1 8614.3 7009.55 4977.53 7796.86 6586.19 7282.12 1006.61 -3137.46 -1793.03 1647.54 485.358 -3775.21 -2512.19 -165.339 -967.265 1937.79 2622.61 1184.81 490.061 -3281.82 -7126.76 3643.9
1018000 8186.27 5995.24 4347.13 5585.9 3604.2 5968.9 2922.41 2641.23 4860.79 2436.6 3717.38 4863.56 4958.5 5058.48 5984.84 5522.23 5002.96 3885.29 948.832 1589.82 -1166.06 -899.254 1259.4 88.456 -4120.47 -2921.87 -556.11 -4130.32 -3787.32 -1429.59 -5419.7 -2326.09 -6655.94 -12302.2 -10444.5 -9099.03 -3671.98 -3561.48 -3141.95 -2692.07 -2628.08 1379.26 -2848.98 813.184 1037.5 -2289.97 -4073.13 407.36 673.48 1695.4 1736.81
1020000 7761.39 -1751.63 -3970.24 608.42 -2311.03 -1957.21 22.7676 -1410.39 -959.669 681.318 -461.597 -5107.6 -5038.72 3340.05 -1062.71 -3499.73 -7000.55 -11151.7 -6171.07 -8887.77 -7676.39 -596.761 -4640.18 -5693 -6660.46 -4074.14 -3341.33 -3309.44 -4087.49 -1933.36 -2337.35 529.731 -525.81 5653.26 7049.03 6625.15 6373.73 6170.08 4822.86 2969.44 2707.15 5867.31 7217.13 3439.25 6086.55 5171.81 6097.59 10042.6 6541.79 1816.78 -2220.07
1022000 3076.25 -4496 -4664.82 -2459.03 -5057.19 -4004.08 -4178.89 -4478.45 -1487.27 -1211.63 -3226.33 -6635.96 -8996.96 -5459.98 -6741.19 -5621.15 -6182.37 -3213.89 1516.85 3903.19 2109.77 4763.11 2946.62 4514.59 5287.34 6165.71 8980.13 8223.84 9917.3 7606.18 7871.57 8657.31 5704.99 5694.99 4763.95 2578.56 301.197 683.13 -1847.65 -2348.44 -5304.22 -4313.06 -3392.58 -5828.28 1217.94 3311.19 2351.06 2015.08 -3605.53 -2066.07 -8776.98
1024000 -1403.92 2387.71 2362.62 3775.75 3345.49 5848.89 5398.98 4835.61 2736.74 4025.93 3303.74 4942.17 8027.78 6348.51 6735.05 5591.18 5011.99 4273.54 5413.14 7661.33 4275.27 3556.99 3013.78 -1387.47 112.645 -1629.52 4620.32 -2076.72 -4169.3 -1796.39 -222.456 -2795.62 -7344.65 -10213.9 -14115.7 -6579.09 -7372.41 -3745.82 -5743.08 -5986.7 -4287.19 -3969.1 -1258.56 -3520.4 -3511.33 357.318 -3848.1 -4910.41 -1627.89 419.589 10677.2
1026000 -3586.59 -2591.93 304.489 2843.42 2977.54 978.067 861.886 -1402.3 -274.293 1000.85 -1600.62 -386.928 -798.935 -2017.44 -3214.36 -5568.75 -6424.08 -4144.53 -2083.32 -3270.11 -4260.95 -2740.81 -2783.04 -4850.23 -4721.69 -4887.61 -3250.27 -6551.39 -4995.34 -5589.84 823.372 421.512 1544.73 1486.22 9457.06 4794.92 3432.97 2994.64 4689.66 2588.09 3343.81 2768.83 4857.02 6389.91 3270.2 5112.33 3221.62 1929.98 3231.25 1723.85 5366.79
1028000 -8297.57 -1177.54 -809.185 -984.96 -4253.03 -4490.75 -1914.67 -3475.29 -6887.16 -3908.94 -4610.52 -5949.1 -7987.13 -6294.58 -4557.01 -634.171 -108.203 -3297.01 -3283.93 -400.247 4471.99 4954.61 7490.56 8609.7 6180.05 4529.01 6622.36 7277.2 6147.52 7966.25 6362.77 6988 3245.24 4256.29 131.757 2721.01 100.249 2059.04 -1575.73 -1265.49 -3238.13 -107.282 -2262.95 -3750.95 -73.9175 -771.836 3522.73 -68.6865 -4350.55 -5261.62 373.281
1030000 -3807.21 7238.08 1005.2 1915.13 3349.21 3618.03 2038.57 2923.15 3702.37 5466.14 4515.83 6017.82 7769.43 9622.86 4293.04 5281.78 4608.43 9103.85 7570.86 8610.08 4419.69 897.214 1009.61 390.197 -2944.2 -2385.56 -1871.58 -4679.82 -1891.44 -1471.05 -5965.38 -10445 -9169.95 -14305.3 -7664.23 -7628.35 -5961.67 -5250.66 -4385.89 -2590.99 -3359.5 -6342.74 -4763.68 -3744.39 -4133.08 -2940.57 -1495.08 -171.534 1610.25 4508.8 8065.38
1032000 -3420.06 2375.2 3887.79 -501.667 375.43 1920.43 4097.61 4034.44 1830.41 -1532.03 -595.257 346.819 895.823 -741.612 -1294.12 -5712.22 -3011.35 -2216.97 -2525.5 -2871.32 -4490.4 -6203.88 -5519.32 -3614.59 -4709.1 -2769.15 -8145.22 -6129.85 -8031.48 -1470.91 210.968 -2661.26 -905.021 492.317 6555.85 4142.86 1904.11 4493.23 2880.41 6519.4 1130.7 1562.52 4774.72 3404.07 5310.59 3464.6 3048.79 3063.69 2576.98 2867.96 2447.68
1034000 -2514.24 -1247.08 1122.17 -2221.73 -3179.76 -4461.15 -5354.01 -7152.51 -5640.03 -3248.53 -1632.57 -4517.3 -8862.25 -9251.35 -7717.44 -2057.28 -407.205 1199.27 -7596.32 176.068 4412.09 10867.7 8266.32 9993.51 11682.8 8983.99 5351.92 6835.74 3679.19 5286.39 6615.97 1998 5664.7 8344.58 2473.28 -3813.43 -555.728 -136.561 -1710.78 -182.215 -2598.74 -2052.19 -170.697 -1253.21 473.248 2724.34 1389.16 -328.483 -1446.76 -5302.06 -15465.2
1036000 2329.42 3372.36 -8.70572 2651.59 1317.94 4076.23 3845.2 2058.35 6459.86 3570.57 2499.81 1663.06 2190.66 9713.97 7778.04 5652.45 3932.45 3228.09 2584.53 5057.3 5330.99 1948.01 3293.94 296.968 -931.709 -1701.82 -3070.59 -3154.26 1487.78 -3058.56 -5917.54 -7394.29 -8158.12 -11675.9 -3550.51 -8717.51 -7760.94 -6405.27 -2159.35 1022.55 1966.26 -2223.2 -87.7878 -3473.89 -5553.96 -4112.74 -1568.7 -2969.23 -2770.23 2529.64 1111.25
1038000 3012.21 -1255.22 -2128.67 3588.92 4473.39 4019.68 1621.33 875.051 -2297.75 1706.45 -4745.19 2092.9 -2752.18 -4254.32 -3170.39 -5163.81 -4193.46 -6333.2 -4529.7 -44.657 -7130.06 -4905.41 -6694.47 -3265.27 -4978.69 -8003.14 -5863.12 -7173.58 -8241.42 -4729.56 -1004.75 191.579 2858.78 1122.25 5357.67 6243.62 5958.02 4207.54 8474.68 6880.47 6123.78 2777.04 5069.26 6933.72 5621.67 6085.81 1692.28 2795.46 1025.02 3256.63 -4059.11
1040000 -4336.94 -695.141 -2426.84 -1399.84 606.395 -3942.17 -3356.41 -2680.43 -5507.88 -4412.1 -6028.36 -745.478 -4539.87 -2482.23 -3650.85 -1696.73 -1832.03 1509.49 430.483 2039.43 4033.88 3212.25 2269.79 3532.32 5644.12 6277.51 2827.69 758.769 6455.94 3397.78 2066.72 3786.51 1092.71 6345.91 2061.84 1591.4 4284.96 4052.34 2987.81 -1140.59 -4726.37 -1727.11 -1428.54 1129.31 1238.21 20.1443 346.82 -272.83 -4266.2 -4015 1371.56
1042000 -3194.15 -611.294 -266.633 3342.48 2958.57 -105.151 2439.06 -2452.82 4281.36 6224.93 5977.87 8723.89 7332.31 5531.05 5985.5 7743.85 3585.01 6038.25 5114.79 3001.74 9433.66 1137.04 2808.92 1340.52 -2798.88 -4256.27 -40.1306 -75.7336 -1336.68 -5667.05 -6579.14 -7871.29 -10112.9 -6766.16 -6496.98 -8586.05 -9753.38 -8373.18 -5222.28 -2230.74 -1227.3 -23.6355 87.7798 -1272.65 -8555.23 -3098.58 -627.281 -334.653 2133.89 -779.538 8016.98
1044000 -2466.59 715.698 -2135.32 -1225.32 -311.74 -4090.64 1158.65 2639.1 4656.91 2156.52 3576.4 1379.28 -3453.66 -2032.69 -2772.92 -3014.17 -5514.05 -5886.81 -2732.74 -5063.7 -513.079 -6292.57 -6458.38 -5305.82 -5377.39 -2504.18 -1110.11 -5932.74 -1425.23 -2948.41 1612.62 6183.17 3515.06 3762.79 5393.95 532.395 2419.76 4151.13 4036.56 846.8 4621.24 5329.58 6267.75 3968.26 6834.09 2605.43 6805.96 4121.22 -308.615 -332.955 2182.89
1046000 -15640.6 -7275.4 -5858.42 -5927.56 -2738.47 -2984.02 -2356.34 -3575.04 -6410.48 -4334.78 -3341.27 -6442.72 -5496.75 -3292.42 -2673.58 -2792.63 -7170.54 -4377.72 -1322.99 -4285.85 2439.03 1729.85 5155.56 6861.59 5734.14 5567.1 8556.17 6494.03 6930.44 7463.88 6016.38 6768.81 6605.48 9229.21 8631.05 315.174 6387.86 4480.43 508.847 -5613.91 -4003.88 530.005 618.737 -2520.26 2925.5 -5307.21 -4502.77 -5317.81 -2547.21 -2442.52 13558.1
1048000 -2779.08 -2238.46 1183.08 1173.77 1606.06 2159.02 974.994 2248.5 4746.45 988.18 2307.85 8798.48 7003.19 1518.86 6820.32 3940.6 3472.63 4662.46 4223.97 2553.8 3343.89 3538.1 2399.02 -3429.26 -890.478 1683.29 -936.379 2067.65 1159.5 415.105 -5800.45 -9764.11 -6885.28 -3338.82 -4347.61 -6345.25 -4112.36 -6415.35 -6514.46 -1065.44 -1049.35 -904.58 -7190.78 -5109.09 -4540.07 -4474.19 468.674 2963.6 3396.43 1822.18 3365.16
1050000 4168.6 -1001.14 3090.19 -209.858 963.292 2720.79 4355.08 1532.94 3796.24 2956.22 -1100.94 -364.704 -5917.83 -4729.37 -4271.99 -2812.02 -4907.97 -2400.56 -808.76 -5968.65 -8078.72 -4505.49 -3918.84 -6801.48 -3704.03 -9452.7 -8771.27 -6123.35 -3744.53 1410.05 2817.66 3646.34 3174.8 2176.97 7111.95 3334.29 3765.08 5656.27 2840.3 6824.52 4389.06 3446.1 -513.976 3407.48 5956.01 5328.23 4609.05 4557.95 2667.19 -673.299 134.197
1052000 1388.26 -5176.36 -4193.38 -5774.99 -3620.66 -4212.56 -3842.72 -6755.05 -1526.47 -5731.04 -7525.81 -8440.38 -3555.74 -533.02 1229.07 -3864.08 -5903.19 -3634.5 -1478 -678.889 769.627 2139.54 3350.34 8099.53 9016.18 5302.51 9785.08 4113.28 8233.86 5631.28 6026.2 80.6087 6144.14 6137.76 7437.69 6218.84 3254.41 1970.11 -1585.39 -2095.13 -2910.45 -340.644 -165.268 643.691 813.821 3176.21 -2799.02 -8542.92 -5051.97 -3023.75 -4816.35
1054000 894.975 -1427.93 2409.18 4542.37 2849.41 509.948 1929.67 3200.87 7893.18 3248.67 5204.86 5377.57 8041.08 7271.83 4720.39 5681.26 4469.29 4951.39 5199.29 378.51 2186.53 525.322 375.067 -349.184 1146.4 2452.55 3292.49 -83.4687 1783.72 -5421.23 -4073.41 -5155.22 -3651.42 -6783.45 -8458.92 -8075.17 -9316.77 -7989.96 -5993.23 -2175.81 -2217.15 913.773 -2156.9 -1612.13 -5985.06 -3379.08 -2201.42 2785.79 2614.05 442.984 -2678.84
1056000 1438.68 -29.9506 -367.5 960.951 -1250.16 -2204.64 2003.42 1707.46 3978.73 576.909 5053.29 -752.901 -4492.35 -4340.79 -5858.38 -2961.12 -3472.71 -3892.28 -4982.18 -8234.37 -10427.1 -3085.09 -3850.91 -2609.09 -8440.9 -5007.92 -3237.53 -4017.36 1040.31 5744.72 1796.89 -1743.88 928.286 2602.6 -1200.11 2647.76 2149.48 2494.75 3169.51 2791.44 6332.67 2824.66 3035.12 5473.91 4238.75 4458.56 3524.65 4211.98 3065.84 3345.64 1866.61
1058000 -1714.62 -2303.59 -964.64 -3298.34 -2577.08 -4182.45 -3889.27 -2508.49 -2436.81 -5145.25 -11580 -3547.87 -3037.84 1230.06 -251.794 736.157 -1180.35 -2017.34 13.232 -1798.08 -1460.87 2960.05 -381.64 5173.47 8503.16 8235.07 14909.8 7429.22 8722.89 3985.93 2764.8 3161.05 4802.27 4072.68 5867.23 4372.76 1347.44 753.279 -199.172 -4704.03 -1238.5 -4084.7 -2808.79 -1562.25 -2476.35 -5355.5 -5351.36 -8044.08 -3534.27 354.592 3664.99
1060000 -4069.63 1664.75 -2143.77 1778.48 -1430.84 -314.233 4769.74 3033.2 5956.29 5345.24 7505.31 7001.11 3138.1 4890.17 4572.01 7181.15 7234.92 8981.73 8564.28 4304.78 1293.52 2056.57 6526.49 947.356 903.077 1301.15 1414.52 -1388.96 -6240.69 -3214.36 -4711.39 -7174.62 -5223.98 -5803.56 -8025.87 -8088.31 -6835.75 -3777.75 -5581.72 -3109.16 -7008.51 -3877.42 -4344.08 -1110.47 -2298.88 -509.82 2678.21 354.797 -2138.01 -1494.38 3225.96
1062000 -311.877 1548.47 -1201.29 -3006.12 -1897.58 -3365.67 -2650.14 2388.47 662.717 2311.7 -808.062 -1864.68 -2716.72 -2860.94 -8447.35 -8990.72 -9144.51 -5212.33 -8427.54 -4441.21 -632.276 -3951.81 -3700.54 -3154.71 -4557.77 -6045.12 -5432.87 -5313.27 -1586.68 3001.59 3625.77 942.465 4413.01 5748.21 2409.26 2894.17 2447.78 1604.1 6271.5 4421.85 -1302.26 7334.34 3125.46 3845.12 5950.27 4607.77 2482.29 4710.97 3855.75 4035.74 12778.6
1064000 -3363.58 -3503.09 -232.697 -1338.96 -359.91 -3161.41 64.9211 -6617.22 -1324.07 -10956.9 -4875.24 -1156.8 2848.21 1635.24 -3177.62 -5682.49 -4621.89 -884.162 369.149 870.048 2459.49 -1202.05 4989.34 2905.54 6471.65 5859.25 6689.66 7476.3 8356.69 669.113 3203.21 1761.32 2983.8 7980.76 4719.75 4854.27 6233.17 3539.9 -703.381 -181.49 -3722.34 -1603.68 1568.07 -4000.45 -4404.11 -5082.19 -2398.05 -1246.9 -1532.1 -590.856 -2636.91
1066000 4709.03 2554.18 3121.12 4879.01 5314.22 3012.55 4309.71 3870.77 5433.19 4024.48 5868.79 3828.19 7603.61 9757.23 9539.95 3736.35 5426.84 5643.83 7856.4 2181.92 5742.22 3045.57 -1190.84 1145.51 1035.93 312.028 -4379.11 -5676.37 -6116.3 -4843.78 -4031.41 -5381.87 -5492.86 -10110.8 -9065.4 -7343.48 -6566.15 -7513.32 -3109.56 -4339.83 -5667.77 -4330.1 -4091.12 -5912.72 -99.0079 -1598.74 -4762.76 -2015.56 -168.099 1291.73 -3408.88
1068000 3481.79 2961.02 2211.57 -595.27 1036.16 -3307.19 -763.724 2214.87 830.078 -3706.15 2704.1 -3481.56 -3000.18 -4468.33 -3581.39 -4280.68 -6953.81 -8534.76 -3806.38 -6778.25 -868.675 -6183.9 -6771.73 -2998.19 -5723.62 -8382.74 -10566.6 -287.541 -757.535 499.735 576.973 716.909 4657.19 4308.46 6421.55 3220.33 3409.23 5183.79 5528.52 2344.74 3650.55 3598.49 5341.82 4697.91 8927.75 4457.7 2317.63 3498.57 4998.09 3746.82 2431.65
1070000 -10989.7 -1873.01 28.4748 -940.493 -4013.88 -7955.93 -4529.77 -7065.01 -6595.55 -4986.4 -3147.09 -1669.31 -187.742 -2996.16 -5025.25 -2169.47 -1402.78 -340.016 -2675.15 -3779.91 -1240.98 -747.842 3204.42 5645.99 7206.04 7186.06 10637.9 7564.53 5090.45 8190.78 3198.86 4852 4961.81 6731.03 2573.96 5873.17 3603.32 -1813.15 1997.15 -517.642 -62.6372 -2101.73 788.237 -5166.42 -3904.16 -7661.36 -1367.22 -635.331 515.488 -71.7033 7267.68
1072000 -14285 -50.3545 -276.604 4099.36 3128.4 5135.03 5710.32 3107.99 8480.09 5958.4 6345.23 5691.58 2544.95 5074.33 9511.83 8264.9 5730.59 9120.14 2361.89 5409.51 3547.56 3031.44 5307.33 5715.11 2423.69 -1721.56 585.55 -4605.33 -7519.47 -4507.3 -7558.65 -5363.33 -7217.77 -6229.62 -6656.64 -6795.23 -5191.27 -9329.8 -5105.46 -5836.69 -5873.87 -9620.34 -6167.79 -4749.5 -3021.11 54.8459 -3589.12 -1773.46 -2928.42 -208.983 16501.5
1074000 -6866.99 1502.19 -297.93 -1636.22 -669.039 -4153.42 1303.64 5721.32 6024.05 1019.73 2814.81 -37.8082 3661.64 -2527.27 -6852.51 -8668.27 -6763.79 -9932.69 -7524.92 -5982.02 -5637.83 -4776.83 -4493.27 -3794.43 -9001 -4235.2 -4731.73 -3992.89 -2268.26 -467.187 241.079 2991.76 1274.25 4226.09 534.039 1750.72 3845.52 1512.34 3922.38 4570.89 1973.98 1879.14 8200.23 6956.45 7347.09 6836.26 3194.17 3285.19 4198.43 3324.93 11752.6
1076000 -14129.3 -3741.3 -6140.66 -914.108 -1489.2 -4076.56 -7862.49 -8408.44 -7707.75 -4805.15 711.353 -4873.06 -4922.94 -5545.41 -2003.07 -4504.98 -711.138 -559.261 1053.88 -2551.91 -2909.09 -3636.75 2782.58 6765.76 6203.53 8010.99 4089.79 6572.95 4466.24 6258.51 4193.54 3911.43 3651.58 5203.78 3965.09 -13.2323 6209.38 229.557 2326.68 -1402.47 934.682 159.121 2152.22 52.5219 -1066.06 1859.72 693.618 -1625.38 2421.82 -1068.59 2606.97
1078000 762.908 4002.45 3146.56 2956.64 2609.07 7014.26 3028.55 1498.69 201.279 4933.39 4990.85 3052.01 2445.11 3203.65 6031.11 7868.25 7879.22 8131.57 9365.76 4903.98 1795.83 2681.42 1712.46 1328.71 600.847 2472.97 71.4497 -3247.59 -3007.8 -7178.9 -6332.12 -7115.79 -6344.29 -7274.5 -5550.13 -7469.82 -6505.89 -2516.35 -6166.03 -5530.4 -5581.34 -3310.73 -997.203 -3205.23 -3706.43 509.708 1277.35 -1114.25 -3339.03 -294.867 3992.68
1080000 8186.48 2980.73 -508.227 -2899.01 -1468 -626.877 830.163 739.682 3457.35 2334.02 738.022 3474.69 736.327 -211.249 -7638.62 -9282.45 -7697.7 -6826.21 -6375.57 -1823.63 -333.315 -1031.27 -6346.9 -3560.99 -7572.93 -2411.45 -3472.31 -5914.55 -3824.41 -1963.95 -3694.66 -2505.41 2988.4 2601.18 1777.17 3130.89 -599.833 5165.34 4529.66 6646.24 2463.05 3599.93 8371.18 7718.94 785.182 1389.28 4979.37 2581.24 3551.51 7313.69 7109.82
1082000 -3250.07 -663.824 -4080.38 -4606.88 -3667.24 -5566.81 -2920.34 -5862.86 -1816.21 -4508.39 -6020.81 -5872.43 -5254.03 -2710.05 -6206.83 -4228.61 354.974 333.555 -627.698 -663.858 1529.91 4885.93 6356.17 1242.57 943.011 8249.72 4661.52 3364.19 5203.38 5027.36 3284 3661.92 3986.92 1665.26 429.316 6210.83 7320.79 2600.62 4360.28 6941.9 1520.33 -786.279 -2113.41 -1263.87 -2081.32 -273.077 -3868.45 74.1139 -4234.57 -1755.75 -2672.09
1084000 -4395.65 608.727 -771.254 7248.63 3512.03 8063.97 4809.29 2045.63 -1061.71 -872.824 -786.444 2421.22 4321.07 6623.6 9433.13 12689.3 7166.14 2827.28 3573.89 2005.42 4645.4 3986.67 5463.83 6215.66 1447.94 3875.12 -531.783 -2517.73 -3415.31 -2824.78 -3860.36 -5553.83 -9361 -7786.47 -7543.71 -5877.4 -6093.25 -4269.81 -5875.71 -8382.61 -9203.78 -7277.78 -6735.79 -3830.68 -2459.44 -2128.26 521.184 1115.22 2981.11 827.026 1811.11
1086000 4526.95 2478.5 -2498.67 2472.16 1642.98 -431.697 2587.38 -1641.83 786.734 1567.85 -1111.68 2193.9 -780.537 -1674.42 -4839.79 -4316.25 -7583.58 -5897.99 -4590.22 -2712.18 -3700.36 -4800.09 -4255.94 -2205.17 -5628.4 -1754.09 -4630.59 -7139.99 -3393.53 -1584.31 -3770.06 903.967 1882.84 2136.85 1002.61 2310.68 4809.42 1183.25 4106.99 5063.81 6235.61 325.783 2501.1 1543.57 -1984.05 1584.5 5660.36 8738.78 8735.96 8501.34 -739.118
1088000 -3651.34 3371.94 -388.958 -1609.8 -6908.83 -7194.48 -247.793 -5926.7 -724.483 -5102.14 -7347.12 -6143.8 -4631.51 -1821.96 -1084.9 -2961.97 -4295.36 -1948.1 -1941.8 666.012 -554.868 3286.69 1250.3 -577.65 1916.89 2725.37 5790.61 3899.71 2492.72 2075.38 2504.09 4029.74 2886.33 1723.53 748.564 3786.12 3470.16 3454.64 2574.55 4905.28 7795.36 2417.45 -408.243 327.431 902.043 -91.7781 -1423.92 -2433.93 -2674.12 -501.784 4655.54
1090000 -8418.09 -2167.96 -1786.19 1677.44 3680.52 182.139 9490.78 6966.18 8228.94 3450.77 2046.38 5110.53 8076.71 10015.2 11632.2 8600.91 6129.49 7943.69 4783.5 5666.23 1738.93 2893.83 1151.45 438.355 654.081 -471.936 -2232.77 606.184 -4143.6 -7664.38 -8012.59 -7911 -7068.37 -4459.44 -5106.74 -3906.6 -5976.75 -4864.85 -4726.24 -6308.37 -7515.83 -5387.78 -1777.28 1254.64 -1155.88 -641.642 -1875.81 -3221.7 61.7909 -1230.94 616.131
1092000 -2671.44 912.573 -2501.28 -470.143 1721.5 4090.72 4047.31 2772.31 -941.92 1420.73 2150.34 4689.18 2177.41 -2260.72 -4909.99 -469.647 -5299.07 -1125.1 -6926.47 -7067.01 -4770.42 -2082.33 -9120.16 -7566.12 -7426.01 -8775.03 -7271.2 -8614.92 -4078.95 -298.722 11.4414 -2392.87 2773.91 3115.43 6146.92 4958.84 4601.25 1967.07 4540.65 2115.06 2969.08 5400.74 5208.72 3347.05 2700.35 3675.74 4904.51 392.78 2420.55 544.529 -5640.76
1094000 2481.4 -702.138 1666.37 -2310.21 -3762.76 -3884.06 -3045.59 2256.91 -3815.93 -4589.33 -4061.61 -3985.04 -8696.83 -1046.13 -3293.74 -2761.93 -2077.51 92.8396 -3809.95 -1699.29 2636.47 1086.68 557.224 2797.12 -502.389 1911.71 5207.66 6394.1 5536 8357.51 6888.74 3919.79 2552.42 3059.96 3803.33 3777.45 3055.86 -46.0666 3355.5 2655.32 -204.686 2215.82 -84.0133 60.7273 -1964.9 -3132.72 -4454.37 -6945.9 2463.42 -1823.25 -1768.91
1096000 -3057.03 -3337.98 -3110.98 853.466 678.949 6454.19 5154.77 5798.53 4677.53 3229.36 1154.33 6303.18 3765.74 13546.6 7347.6 1760.12 7091.89 9766.76 6038.26 5262.39 4880.68 2466.61 407.103 3666.31 206.866 729.711 1887.03 768.725 -4038.83 -3229.73 -6432.72 -7591.12 -7230.21 -5537.68 -4820.25 -6906.66 -6123.56 -6196.9 -6526.84 -7508.72 -6471.56 -7818.6 -5990.54 -3384.02 -2361.84 -4542.89 -916.649 -998.152 1678.62 1944.87 3031.73
1098000 4946.94 -1578.64 -3044.15 -1282.43 -5109.18 1162.61 -2700.77 795.457 2743.21 277.876 867.835 -132.283 106.91 -392.537 -4117.21 -2001.59 786.118 -273.447 -3591.51 -2857.24 -2750.34 -2749.29 -1343.47 -2835.77 -3023.22 -6801.68 -6317.95 -7262.51 -5450.76 -4258.81 -4692.59 -510.603 1260.29 -244.864 1595.74 5506.27 5079.6 5207.22 6217.44 358.673 4563.18 5399.28 2941.71 5951.9 6524.18 7466.88 9728.79 6086.09 3510.25 -797.43 -3058.25
1100000 3559.13 -2509.15 -4262.69 -3079.84 -3880.99 -4224.54 -1485.13 -2167.82 -352.61 -2061 -3988.1 -5830.85 -5064.49 -629.467 -1513.31 -5073.35 -1135.13 -4609.73 -3375.62 -2086.51 -522.365 132.78 146.34 -2351.97 -4029.14 -2322.72 -1554.48 3916.29 5480.65 6968.38 9304.8 7885.03 5280.67 6107.78 2793 -595.482 2091.17 3020.66 7234.23 4122.78 2692.79 6788.4 4311.28 -1199.34 1862 -183.569 498.468 -3983.05 1039.51 -3247.92 -7406.5
1102000 9311.12 3398.19 -1396.13 -1157.26 1592.5 5738.24 -366.668 4548.42 4107.74 3701.01 4982.52 6047.2 2933.77 5666.3 4062.72 696.022 6371.75 5007.55 4480.24 4445.98 -1610.06 971.561 -1637.39 1114.19 886.547 3054 2264.25 4647.92 -2014.91 -2549.51 -4422.36 -6222.24 -7128.47 -5377.7 -7715.32 -6187.11 -3021.91 -9190.23 -5203.41 -3557.49 -4508.35 -5204.35 -4375.82 -5818.68 -4849.49 -31.7506 1008.78 1855.44 -9.61881 650.983 -1816.67
1104000 871.055 6325.63 3234.58 2920.91 3111.45 634.865 -2019.55 -781.779 -3145.5 2207.04 1476.54 6870.48 -650.312 -932.835 -2191.06 -3812.06 -4258.18 -5889.15 -9443.19 -5794.17 -9014.97 -2917.33 -5218.51 33.7791 -8214.06 -2699.29 -2518.81 -2792.56 -4990.15 855.201 -2953.48 2586.57 -1379.23 4020.56 4184.21 4207.26 4090.24 2042.51 4906.68 5008.19 -44.1283 5512.08 2343.04 3482.19 2610.96 6529.95 3769.18 -3978.32 260.036 1999.36 -4402.53
1106000 -7053.03 3976.27 -1303.64 116.19 -3857.31 -3702.61 -8473.66 -9381.57 -4394.43 -5864.88 -5192.86 -4060.06 -6803.95 -5060.57 -4728 -1303.71 -4468.09 -1016.27 -1867.17 -3868.15 -452.065 2882.24 -1085.46 -711.311 -1329.94 1849.57 3993.29 5533.48 9191.91 8392.58 7323.38 7168.27 4732.86 4430.69 1664.52 587.272 -4694.28 -4249.51 8095.2 7024.88 5953.85 6491.43 2320.89 636.117 3216.79 -836.842 1997.26 -3346.45 -5119.84 593.93 360.107
1108000 -997.767 2700.77 229.358 1869.97 -3950.41 -2911.44 1674.54 3698.09 3856.74 -652.94 3531.71 2633.78 8103.72 6245.22 6494.88 3784.76 2384.52 4882.8 4546.16 6594.83 3513.9 4769.64 -3607.21 1473.26 -1241.29 3074.96 3850.29 1075.5 54.8881 -5509.78 -4611.38 -6607.84 -4987.2 -8051.18 -3619.33 -4016.85 -4587.74 -5112.11 -1683.65 -3467.95 -5407.02 -4107.24 -4203.84 -3644.14 -5116.14 -1721.2 2035.59 636.716 4532.01 1282.96 3865.23
1110000 -1823.17 4288.56 -2789.35 1408.7 -2703.29 3706.8 705.713 3868.8 2252.38 4363.54 483.968 -473.425 -1972.93 -1645.65 -2624.49 -3589.81 -6522.04 -4652.12 -5856.47 -738.406 -4954.39 -5482.89 -4306.92 -4050.64 -4982.3 -4609.22 -5467.65 -6485.24 -4810.24 -5573.89 -3436.28 -3841.02 -581.174 -293.037 7042.91 8617.87 9332.43 7022.11 5605.84 3896.74 616.11 2168.58 3248.27 653.923 4274.17 2653.35 3347.28 3079.35 2995.65 3198.67 7933.41
1112000 426.226 148.635 -2023.8 4278.2 -1466.05 -2312.11 -4823.1 -5044.63 -8796.59 -5806.15 -3757.38 -5941.22 -3337.71 -10.2931 -2419.52 -3752.58 -3416.88 -7131.57 -917.999 1973.91 -35.5759 764.13 -447.949 219.164 -1218.96 290.417 1371.71 6101.43 5361.02 4320.74 5501.93 5589.29 2397.2 3572.34 6770.54 2425.15 4112.45 1373.25 -1767.01 5156.55 3799.19 5301.11 5349.54 -1181.18 -360.673 -1598.44 -3413.18 -4766.14 2313.84 -204.382 -2004.37
1114000 5207.52 1314.62 72.2352 1391.17 -1071.25 2516.39 28.7855 1193.24 2375.71 3578.24 7347.21 8281.94 6580.89 4943.77 2148.88 7426.73 6813.77 6680.16 4420.18 4336.76 6315.05 4902.41 1088.94 1093.91 1926.48 4189.86 3015.9 -1228.42 -4723.65 -7417.91 -7051.25 -4346.37 -5662.83 -7532.73 -7966.54 -7600.13 -6088.14 -2992.67 -4241.13 -3225.13 -7734.29 -7392.97 -6970.08 -6905.29 -470.515 1306.98 199.911 3655.49 206.682 1326.54 -1992.69
1116000 1121.13 4366.62 6128.66 -1796.89 47.7032 345.127 -3832.53 -783.663 -976.875 2010.36 581.408 -2864.86 -2267.53 -598.075 -751.59 -1091.94 -519.101 -4644.17 -3244.42 -4461.17 -8956.15 -2620.52 -4144.32 -2896.4 -4845.36 -1610.12 -4930.83 -4725.37 -2619.09 -935.301 2165.08 -2734.37 701.679 994.12 2433.26 2600.7 1378.36 4166.23 606.405 722.604 -727.481 1084.01 5046.3 7747.41 8109.61 7845.45 1913.46 4841.69 -637.391 3021.5 -1932.7
1118000 -4917.85 2951.77 88.1978 865.801 -542.143 -3837.03 -8538.09 -11204.5 -8347.51 -10656.8 -3821.08 -5267.96 -4827.31 -3188.17 -6391.69 -2248.99 -4242.08 142.933 2999.44 873.621 -3092.08 -1277.52 1586.81 2335.4 -2885.84 1496 1859.53 4248.57 7061.3 2749.48 4027.76 7478.22 3687.87 1961.03 2786.04 -2124.73 -3440.11 3363.88 1653.82 6412.98 5818.07 8035.84 5868.32 4092.83 -23.8712 -3123.4 1396.54 1791.89 364.249 4083.37 4423.04
1120000 -1493.88 2256.06 1882.09 1419.77 -1566.5 1889.7 736.855 5032.34 5293.35 1935.44 4616.85 6817.99 3569.58 1852.7 4006.85 7870.58 9498.68 4053.91 8148.31 8629.49 2480.83 4805.32 4106.33 7952.72 -286.287 1448.23 932.143 -3098.74 -4071.29 -8254.05 -8210.43 -3070.55 -4235.71 -4441.36 -4973.74 -6173.98 -3301.28 -4771.58 -4436.65 -4701.89 -5821.92 -5040.33 -7861.89 -4738.73 -4274.09 -4040.32 3685.65 -44.6112 -3378.32 2522.44 -3421.52
1122000 2856.2 -17.0855 -2797.6 -296.901 -3355.47 2773.77 3304.57 5404.58 4986.28 2712.5 2142.3 -1328.13 -4730.28 -3729.62 -2540.73 -1573.14 -557.261 -3051.68 -896.693 -1349.28 -3640.92 -5842.76 -5738.21 172.122 -2781.99 -1691.78 -2577.51 -6050.98 -4601.25 43.1591 -3609.09 -1684.2 796.587 1174.18 1305.49 927.863 2782.79 3683.23 4634.9 -993.663 185.913 129.958 -655.9 2002.82 5964.82 4272.77 4048.62 3293.76 -199.573 -588.825 -7384.74
1124000 -76.459 -2535.36 -5255.91 746.921 286.115 -1397.81 -2117.67 -3814.18 -11422 -7470.58 -7685.99 -2409.75 -1234.01 -6261.08 -2567.74 -5288.98 -1525.44 -3306.68 -299.373 -1574.05 -124.583 -4130.46 416.919 4208.51 3510.68 4568.93 1917.45 834.157 1706.84 2703.63 4774.18 2375.37 3897.05 4000.14 3278.14 3576.63 1155.55 2123.24 4970.56 2763.25 5206.19 5430.46 8948.74 4177.36 197.336 -2531.97 1994.78 1007.71 1508.62 -211.912 -2244.47
1126000 -12369.3 -3816.68 1793.17 119.333 890.127 986.899 -693.349 -690.452 3551.87 5521.67 5489.43 7864.75 5060.65 4608.81 8034.7 7585.59 6142.61 2809.47 3445.4 4561.45 2321.25 -1918.95 2315.02 3360.56 7910.35 2724.28 1157.86 -3398.79 -3360.06 -1960.89 -1771.05 -4023.41 -6577.54 -7579.75 -1963.37 -4065.06 -7190.8 -8074.76 -4465.97 -4752.31 -3448.86 -3061.59 -1867.62 -3678.75 -726.872 -4354.94 -903.61 2927.32 -2375.41 -2027.56 5524.84
1128000 -6709.43 -525.799 -1987.42 900.079 2511.17 483.916 5321.03 7355.69 2585.94 -12.4158 -1154.75 -2538.67 -968.577 -2505.11 -4538.28 -5025.31 -1370.9 -7711.24 -8071.44 -5567.33 -6922.6 -5150.49 -3627.81 -4001.25 -3503.8 -1392.78 1253.9 -747.325 1171.41 -1312.03 -71.3572 2356.95 4996.65 3103.82 5925.21 6002.24 4933.43 6046.02 5011.2 7734.22 -1193.74 -2718.83 -2633.64 -1202.45 1449.53 4326.7 5940.35 1909.21 -763.67 -2507.93 2904.49
1130000 -599.086 -1769.89 -1375.41 3876.43 590.219 -3480.39 -3528.27 -822.742 -1227.8 -6124.01 -3830.93 -6448.62 -2813.06 -4491.71 -5032.86 -5317.38 -1807.48 -8040.85 -2293.14 775.053 661.713 -3814.01 1537.01 -1189.9 -2073.1 -1772.08 3185.89 1339.16 1499.14 4768.52 6839.89 4042.03 2762.91 4150.23 5520.09 4573.08 3066.88 -1047.01 6190.16 5186.22 5703.27 5145.8 3898.98 4237.83 -2124.9 230.26 -766.823 -810.382 228.092 -650.795 -5702.88
1132000 -3059.46 1522.79 1276.12 3600.52 6070.34 1994.42 1552.65 2516 7687.77 5413.81 11925.8 10482.8 7218.99 5667.01 8952.8 2425.73 6789.35 2562.75 3171.59 2193.33 3586.42 3517.38 1343.51 -1196.67 1463.28 -1307.72 -1362.21 -5202.02 -4472.29 -5738.82 -6700.17 -5919.46 -4512.82 -7759.9 -6997.54 -1213.87 -1827.12 -8061.6 -5197.24 -3651.02 -6711.59 -5778.9 -10329.2 -4345.22 -6528.63 -68.3736 -817.242 1817.28 -209.839 1319.26 5935.51
1134000 -8413.4 -5623.04 -561.425 2045.7 -240.217 3368.28 1553.76 1758.01 4494.17 -1100.23 838.015 -849.731 -802.544 -2505.89 2225.79 2077.14 100.23 -3216.36 -4785.79 -7415.63 -3352.78 -1857.18 -4701.37 -6924.94 -7249.32 -5595.56 -302.111 693.158 2137.96 -3803.18 -1947.88 -1237.67 -1053.95 2797.69 7776.37 6373.5 7373.4 4403.75 358.769 -453.208 -322.657 -3145.08 -3714.79 2508.05 3084.75 6384.19 4827.43 3668.13 5400.41 -681.032 5806.97
1136000 -1741.26 -1293.02 -2592.27 1928.42 -3391.16 -2501.6 -912.61 -8167.94 -7888.53 -8454.82 -5216.24 -6868.99 -3793.84 -6397.45 -3732.15 308.384 -289.688 -2042.5 183.243 -1231.28 -635.01 -666.393 -2248.83 -2956.89 -1768.76 -853.44 4487.3 4872.43 5300.19 5695.36 9407.15 7776.78 7294.19 5160.68 1437.79 385.136 1323.82 775.947 5665.71 4927.25 4427.1 3758.09 5202.9 2904.06 329.917 481.455 -5998.23 -975.72 -1878.94 -174.577 2239.85
1138000 -8097.9 -498.668 73.2523 -1527.94 -2904.64 -548.807 2390.03 4591.89 4380.81 4772.39 7524.36 8154.88 6342.32 8440.84 7337.13 4470.7 5814.64 6381.93 7743.41 7369.4 6192.74 7432.68 6113.36 2136.47 1341.77 1621.78 -311.843 -4012.7 -8637.86 -4991.26 -5880.81 -4803.09 -3922.29 -6653.25 -9072.16 -9203.98 -7579.33 -4298.06 -3558.58 -8468.25 -9320.13 -5778.34 -4340.28 -871.2 -2113.45 -4768.07 -3260.74 1469.84 2940.1 -1413.83 8517.34
1140000 -6781.18 -2316.46 -2945.57 -222.835 -251.724 3983.77 3285.86 3714.86 -1686.42 14.6257 3252.82 3746.42 -491.752 -1239.5 1440.33 659.207 895.608 -2730.44 -2056.7 -2113.33 -2022.99 2847.25 -2639.25 -7360.77 -4735.36 -2250.62 2106.2 1424.27 -3097.07 -4745.26 -4367.77 -7510.01 -352.845 1499.36 7519.81 6069.16 2499.55 -2233.88 -69.0648 -681.947 4011.67 910.633 -2028.17 2541.63 -2176.79 719.727 -1071.7 3123.46 1545.86 2777.83 9848.21
1142000 -5068.11 4865.14 6307.36 3065.04 -3132.8 -5090.37 -6727.7 -9308.23 -5086.43 -5239.21 -5960.06 -2354.8 -5722.18 -3002.9 -1583.56 732.654 1541.52 -1996.42 -5668.77 -5815.2 -4559.94 -2001.39 -2180.74 1147.27 -1101.51 2927.08 5260.54 8037.39 5704.86 620.74 3026.96 2359.23 1690.5 2628.41 2729.14 4788.58 2728.43 1329.27 2766.77 7678.96 6123.73 1900.58 1766.43 -131.981 -1828.7 2060.97 -2554.23 -3476.32 308.312 -52.5117 9519.3
1144000 -1124.66 6894.5 979.97 1219.51 -9288.98 -3906.33 531.733 743.359 6385.73 7536.04 7992.22 6429.81 9730.88 5533.82 7806.35 4460.58 8642.44 5665.25 6345.43 5393.3 1961.53 4146.94 1437.29 -1058.93 3669.42 368.088 -2580.28 -4435.02 -4173.16 -2206.44 -3668.45 -7113.57 -5221.39 -4764.32 -5875.34 -2912.53 -3382.4 -4560.96 -2044.94 -5233.19 -4883.15 -6023.83 -1472.35 -1999.92 -3508.33 -2554.44 -6683.04 -2133.58 -1012.61 4305.17 5592.77
1146000 -643.341 1210.53 -1354.2 347.002 984.87 2234.96 2900.81 -529.431 -829.958 362.356 1124.26 -2268.26 2028.52 678.345 -13.254 -557.75 -829.077 -2262.91 -3188.8 -1084.53 -3720.38 -1788.58 -6687.51 -7518.42 -2509.73 -1046.83 -2394.62 -819.499 409.974 -109.124 -3296.61 -7456.26 -5496.91 -1528.2 5536.32 7747.66 6690.15 3195.43 1520.1 1572.97 -337.734 -2219.35 -2306.17 -34.2159 -164.826 1032.12 2832.94 7342.89 5581.1 4701.65 726.803
1148000 -7066.18 1975.55 4330.56 -703.314 785.399 -7166.71 -7061.32 -8330.17 -1528.84 -7885.94 -6523.33 -7483.73 -4703.69 -1605.79 -2644.95 659.282 1281.43 1496.21 -2178.48 -1137.19 -2504.48 1507.69 -2079.22 960.172 -1940.86 -2988.88 4299.39 3582.55 4803.84 2989.62 8238.7 3175.56 6035.84 4565.45 1202.57 -775.86 3472.79 4561.3 4294.35 4637.43 4120.93 5074.92 2950.18 1513.03 -465.044 -3312.07 -2831.19 -875.574 -2640.07 -4798.28 4492.75
1150000 -1099.93 -878.442 -1593.38 -2357.35 -5332.39 1060.74 2043.22 3155.22 5571.16 4311.03 7262.19 8870.16 3098.81 8888.24 8691.87 3552.72 9502.35 8664.54 5862.35 10658 7963.79 7454.84 3583.94 1086.69 -199.899 1331.73 -3341.82 -6453.67 -5063.42 -5684.18 -4754.27 -2217.96 -473.031 -2989.14 -4451.79 -4733.16 -2245.16 -5401.93 -6277.37 -2823.77 -9207.76 -5497.98 -5381.37 -2597.25 -6164.51 -2937.74 -1861.63 -1376.95 -1304.8 -2612.52 114.746
1152000 6949.22 -4931 -5558.61 -1706.62 -489.935 3259.23 4375.1 -1098.21 -2983.61 -3304.98 -1125.48 -605.268 79.9376 798.324 1071.72 1563.02 -392.299 1159.54 1266.71 -558.985 -3923.34 -3459.6 -7259.51 567.623 -3205.53 1292.56 -2948.19 -3163.22 -4519.93 -2322.87 -1369.6 -59.7105 -55.7182 1720.37 4758.45 7100.07 4953.87 3946.08 1592.78 4645.11 743.855 1443.27 1222.89 -2242.89 747.434 1620.42 997.505 1402.43 118.228 2282.87 -8587.58
1154000 -7686.38 172.464 -584.908 -1737.16 -5052.52 -5372.46 -4768.18 -7431.88 -4870.05 -5325.38 -8631.76 -7014.19 -3392.56 -2023.6 -2551.71 473.313 1251.09 -5044.56 -3498.53 -5388.06 -4172.61 -1386.12 1133.03 -307.674 1010.83 5384.86 2636.28 2885.6 3419.71 4880.25 253.384 4670.57 4438.62 5773.22 6330.23 5009.77 6686.43 7129.98 1297.59 5071.04 4448.99 2625.76 3054.28 2382.49 914.439 817.277 4030.88 2184.51 -1168.43 -1746.7 -2323.69
1156000 -3538.5 308.921 -2660.06 -1239.23 1708.39 -1185.1 -1547.93 6169.98 4382.26 7015.01 7846.07 3116.43 7103.53 8194.83 6179.95 1323.29 4431.07 5560.22 6518.07 9291.97 8166.95 8022.06 6138.89 2924.77 -855.695 -3236.03 -4789.24 -5958.5 -4540.01 -3325.68 -5776.2 -8618.44 -7198.26 -3815.29 -4706.53 -4432.72 -5562.04 -7750.85 -8011.25 -5314.78 -4819.44 -5144.17 -2761.38 -1312.59 -2332.99 -1875.77 1294.7 -788.876 -2977.05 5706.23 5570.57
1158000 -18657.9 2927.97 -3608.3 1856.73 6060.44 3587.76 546.023 4137.12 -1.84779 459.112 -203.798 -39.6182 3449.47 -1247.41 931.109 -457.618 -3677.7 2088.47 1902.56 -946.216 -10963.6 -3829.79 -2040.31 -838.916 314.314 -824.375 -210.673 -2442.31 -4265.66 -4680.45 -6085.51 -4195.84 -1352.27 966.53 -2570.25 194.664 2917.15 2304.42 4024.33 1905.57 2845.22 -2530.03 -616.185 4515.69 4264.06 4598.35 1290 -822.011 -2533.42 5802.53 13884.3
1160000 400.198 1969.69 -320.043 893.335 -2767.15 -3061.2 -4351.9 -6596.21 -5571.75 -4403.31 -4521.22 -5355.42 -4553.4 -6334.58 -4031.41 -4241.33 -2205.34 -1985.91 -4580.19 -2882.38 -1553.73 -1429.61 -3127.07 2887.92 4776.86 3104.38 3641.36 4760.93 3299.67 5311.09 4385.02 4450.16 4004.53 6588.88 6656.02 3899.86 4227.11 6839.13 5078.14 703.656 5583.48 2425.62 3503.28 -135.944 -1005.35 -652.314 908.484 -2199.24 -1772.62 724.932 -5865.4
1162000 1461.23 85.2645 733.22 3026.28 -1187.88 -2261.28 -1351.88 1582.83 2209.14 6039.41 4868.82 1961.76 3572.2 -808.295 5160.14 2941.7 5920 3462.96 4451.53 7511.7 8119.32 7053.3 6850.68 1071.78 1358.46 -3262.77 -2719.06 -1448.39 -2355.52 -4097.19 -6763.03 -7360.77 -5245.06 -1846.46 455.075 -6261.55 -3251.39 -8433.75 -5883.25 -5820.27 -2154.26 -3451.02 -1974.73 -3600.29 -7847.05 -1596.7 1063.22 -2282.67 3690.29 4402.3 6577.61
1164000 8788.27 2338.14 594.728 3821.85 5043.9 8910.17 2125.97 147.855 -408.369 -5027.22 -3628.28 -220.386 3631.74 356.577 97.7239 -4161.65 -2178.08 -1406.7 4585.44 -2000.58 -3747.75 -5587.59 -3313.31 -5041.15 -4341.06 -448.435 -2285.07 2062.8 -3486.49 -8098.42 -5130.86 -586.757 -4517.39 -2490.62 1567.17 -1518.91 1500.36 4217.94 3254.16 2746.11 3229.95 1702.92 -1482.09 3766.82 4122.2 5273.95 927.223 1743.59 3811.84 -1614.16 -4553.31
1166000 -3750.31 -1546.22 -4082.43 -5831.93 -4082.54 -2604.35 -5550.03 -4338.8 -7302.06 -4806.95 -5068.44 -3862.24 -7151.26 -1756.71 -1205.93 -3973.43 -2817.92 688.62 -2806.77 -3326.8 -2802.13 -3153.2 4054.54 510.051 3809.55 1650.92 2418.08 6884.05 2886.37 6363.61 4186.7 1962.66 2985.63 -152.662 7248.2 5233.87 3497.51 5183.04 2081.18 5885.69 1985.3 1473.71 2496.8 4032.15 3980.29 3212.4 -254.008 -5389.87 -36.1698 -3952.05 -5375.26
1168000 10293.7 -2167.34 -2582.35 -4072.63 -2835.13 -3442.53 -2430.62 61.8185 6019.24 8015.82 8946.38 5845.43 6423.79 5532.34 -176.234 1376.08 2615.21 4881.46 4755.06 8216.73 10157.8 9080.71 9012.66 5993.57 528.465 -2839.13 -3248.56 -107.016 -2484.54 1178.43 -3442.07 -4989.56 -6116.61 -4166.83 -4524.29 -3951.31 -11239 -7933.98 -8330.02 -1773.41 -6570.17 -1686.92 -3941.15 -3425.62 -8659.67 -3492.23 -824.201 2072.68 5027.04 3877.52 -4436.81
1170000 11522.4 6137.19 3268.3 4074.15 5915.44 -359.071 -1457.21 621.192 -4969.77 2369.76 -1857.72 -862.401 2032.46 -2035.18 1275.11 1013.8 1025.37 -1684.48 -3699.25 -3503.23 -5553.29 -4650.19 -5576.13 -3403.52 -3291.27 -2249.85 -1041.11 -3143.86 -747.896 1172.09 -677.409 2172.85 -1756.11 1170.81 -1560.5 1999.44 1178.12 4950.76 4898.57 6260.94 2941.12 699.072 1815.23 2259 -1928.3 -117.816 958.84 -2318.01 3079.16 821.308 -5739.24
1172000 -3967.48 -2110.82 -3872.73 -4104.65 -648.702 -2992.65 1592.15 -3872.92 -8919.59 -3778.65 -5644.3 -9260.5 -5302.55 -4581.86 -5536.26 -5548.11 -5720.42 -2617.01 -3543.48 286.837 -4622.28 -959.751 474.758 248.957 3838.25 -709.238 3264.59 -323.542 2472.14 2906.09 5245.5 5426.72 7131.17 7866.23 3421.02 7921.55 7079.85 5655.48 3064.11 1445.88 2426.64 -136.956 3111.04 1803.13 6869.37 2352.08 487.365 -1044.26 -217.139 1023.62 1962.03
1174000 3083.52 2639.05 2415.65 2005.73 1691.51 -1264.19 2537.65 2630.34 1903.83 1247 5968.01 6394.82 7161.49 3740.8 -270.106 1661.8 3726.98 4859.62 5600.72 9991.76 6039.62 9124.01 7796.65 1399.33 1181.15 314.145 265.065 -5693.96 -4479.92 -4617.44 -5070.85 -2859.42 -5104.11 -5381.7 -9888.64 -9879.54 -5653.51 -7758.03 -11078.6 -6387.76 -4262.2 -3092.95 -449.191 -2430.35 -1785.48 -4888.82 1749.05 2083.83 3215.66 -30.3811 -415.068
1176000 5854.82 1679.79 5425.98 3768.95 3883.12 1756.78 574.15 3210.69 1195.32 -952.629 2131 -493.934 -2409.14 -2076.67 -1183.06 -2226.3 137.308 829.094 -2267.84 -4749.37 -3932.7 -3881.54 -9224.79 -3579.51 -2464.4 -7321.75 -3849.29 -4454.94 -511.537 -1414.22 333.323 -4171.19 -189.218 1792.59 -891.63 2419.13 3049.87 -447.003 3590.25 805.446 2434.63 3494.15 1293.35 3256.05 1001.26 4103.21 5552.8 1798.09 -767.894 1712.99 -3998.5
1178000 -7909.57 -4643.74 -3165.93 -3054.15 1268.04 -162.38 -2106.98 -3037.84 -3273.25 -9484.95 -9018.43 -6792.98 -3973.18 -6459.83 -2169.64 -4388.66 -2264.59 -5964.62 -4800.03 -1492.62 1460.53 -3839.16 -938.933 1783.54 3212.13 3206.22 1212.06 3412.04 4824.23 4974.71 971.065 2463.91 3294.46 6791.17 10621.2 6559.95 5338.08 4381.24 5787.92 -2710.57 1025.82 706.707 4902.21 4419.42 2659.18 1964.01 1435.4 -732.785 3401.91 -805.123 -4257.34
1180000 -4034.85 -609.019 -479.821 5344.53 3386.18 2598 2638.64 2160.11 4429.09 5010.24 10462.4 7048.06 3544.69 1185.33 3097.22 186.452 5672.07 5121.79 7700.38 6636.48 5996.71 6787.29 4033.36 2314.15 5539.02 -159.473 -3918.56 -3851.13 -7637.23 -8478.42 -6750.19 -3709.16 -6130.12 -5499.48 -4496.88 -8095.79 -5438.68 -12434.5 -4700.48 -4705.12 -1746.52 -5797.97 -2757.22 -7558.12 -875.953 -4415.42 956.716 909.067 1048.12 1443.02 6407.68
1182000 -700.427 2818.17 5208.57 3733.47 1920.2 2528.92 -63.5642 -1239.48 -117.412 1110.6 1346.32 3051.52 -822.261 -3443.5 -3544.8 -6439.8 -172.84 1420.82 -3238.69 -1524.08 -6888.64 -2684.85 -199.161 -2296.23 -4238.63 -8009.77 -8018.73 -3982.84 636.697 -3234.92 -1583.93 603.953 -144.149 -1831.01 1728.43 341.614 3022.25 2653.09 5603.7 3316.06 1359.48 -1298.72 3066.01 2788.68 5818.25 1611.61 2102.23 737.718 32.9694 3491.02 4209.2
1184000 -2803.76 -5456.87 -4648.25 -6010.96 -4093.43 -154.353 -1779.05 -5145.7 -5454.91 -9821.95 -10767.7 -7017.41 -5096.82 -4473.02 -3650.68 -4949.98 -8343 -4131.63 -5711.93 488.659 29.2156 1225.91 3306.99 6412.18 4231.1 4859.55 8471.93 8040.17 3642.53 5472.41 3486.27 8197.06 3775.69 4118.99 4329.12 6015.19 6639.49 2551.08 2415.7 -789.306 -479.353 1390.23 2147.63 4017 2235.27 3621.47 1401.49 -1370.32 -821.419 -653.501 5859.02
1186000 -2546.84 726.019 1089.06 927.757 791.966 3899.96 2912.89 632.666 3509.7 4747.72 6020.54 6212.01 2632.36 4401.4 5922.72 3807.06 6756.21 8454.85 9920.11 7952.17 9196.89 3798.66 7774.93 3763.33 423.514 -914.93 -2710.87 -5537.58 -5869.83 525.426 -4476.41 -4304.36 -6696.08 -4885.58 -7371.87 -9640.89 -6720.1 -4556.38 -4916.06 -9200.99 -6614.14 -6299.26 -4506.9 -2084.44 -2634.28 2828 -1003.22 -1560.83 1204.56 250.954 4343.44
1188000 -1718.02 4212.99 2306.76 3927.73 683.325 -1119.63 -4227.17 -372.755 -3605.74 739.473 2794.14 478.315 -1229.13 -1966.32 3502.65 -1783.23 -2951.76 -414.112 -2376.89 -3179.78 -4375.53 1847.1 -4719.43 -4038.8 -8549.34 -5809.44 -6446.75 -1662.78 -3351.81 -1432.81 -1129.9 -2509.47 234.887 5543.92 333.131 2590.58 744.356 44.63 1769.83 4727.92 3507.57 4167.96 2832.97 4377.38 1931.2 2426.32 1050.91 2810.04 -279.297 1555.71 1503.12
1190000 -4031.56 -2965.24 -4987.91 -5297.95 -3752.88 -1374.88 -2928.64 -5454.8 -8876.02 -7981.12 -7152.75 -6075.5 -6224.93 -6626.06 -984.655 -2608.58 -3138.29 1733.65 -2933.36 -6507.91 -1464.35 1137.18 4419.5 4627.04 5272.26 7164.68 11439.5 10564 4924.66 972.757 3787.25 2015.23 2495.39 5890.75 8564.28 4374.7 5299.38 1378.99 3721.23 3941.23 3332.57 2766.74 -1294.61 319.698 -1771.99 145.956 796.671 -521.387 -628.7 -2722.38 2973.7
1192000 6151.72 113.882 121.594 -1028.6 -955.482 3041.7 967.824 4992.56 7604.75 6378.3 6587.56 6749.61 1179.94 3268.94 6764.37 4587.29 8943.99 8957.31 8966.65 5488.21 6611.55 5345.71 4367.3 379.615 1147.97 -2055.48 -3346.52 -2130.44 -3654.58 -2479.37 -845.116 -3034.33 -5967.88 -7461.67 -7712.62 -11911.8 -5286.69 -9117.96 -7147.62 -8328.28 -8390.81 -5988.91 -2724.67 -4052 -1772.62 -437.802 -1119.24 -162.987 -749.192 -4517.12 2395.13
1194000 -2558.01 -217.696 3903.4 -1805.15 -458.11 1055.52 694.038 -2503.8 2354.44 2135.17 6623.68 3883.95 2839.96 430.909 898.245 -5894.38 -3507.56 -3103.63 -2361.03 -7081.41 -6598.43 -186.267 -754.059 -8870.78 -7359.84 -7609.1 -2010.68 -5497.09 -5478.5 -2273.8 349.486 2509.22 3706.01 533.365 -366.301 2716.48 4351.12 1141.07 2232.63 3647.2 3295.49 6724.85 3060.52 -370.099 149.97 -1165.17 1085.76 783.443 3600.53 3350.01 10803.6
1196000 1064.85 -3658.07 -4800.14 -64.8918 -1651.07 -4567.73 -2364.09 -6258.65 -9070.76 -6970.99 -7843.55 -5365.24 -2770.59 -4684.58 -2015.37 -65.1152 -1002.34 -3841.57 -8185.39 -4405.81 -4834.61 -1931.65 2971.39 8698.69 8670.04 8057.02 7942.5 7383.42 3307.33 2069.83 1731.46 -52.8661 496.258 7183.31 5741.73 9555.93 7821.16 3488.6 2920.99 -2387.1 915.982 796.497 -0.670572 1597.6 -251.713 1659.9 -1179.73 1487.36 4341.27 1835.87 303.37
1198000 -9056.09 -128.31 2567.4 4172.72 3762.95 7513.94 7124.71 5240.64 6215.63 7652.25 3191.17 2282.33 3586.55 581.596 3156.59 7018.71 6887.53 6649.36 7052.66 6195.44 4680.75 2667.22 -793.28 4397.17 1976.88 -3564.44 -1832.22 -1032.55 -1439.2 -4399.13 -3506.08 -6076.24 -5735.9 -8450.62 -9166.68 -10277.5 -4624.82 -4918.6 -5008.71 -6021.52 -12951.1 -7496.05 -6858.37 -5315.63 -326.477 -1331.6 -264.269 -1313.51 3512.44 -417.183 7865.06
1200000 8225.7 5141.81 2984.01 3406.51 -1854.73 -705.273 425.432 1058.46 4426.27 1416.88 3796.99 3984.36 2074.36 2676.59 -1862.66 -2185.73 -6146.09 -1087.22 -5869.8 -6234.14 -4527.97 -4336.33 -10831 -10703 -9863.77 -4543.73 -7572.05 -585.509 -1307.53 1713.84 1167.08 715.467 -1456.83 392.502 375.91 332.771 2069.39 1990.39 356.084 9590.66 8895.15 11800.1 6626.08 2249.54 -526.625 -780.812 -905.335 1211.61 2152.33 7836.65 -2609.67
1202000 -6264.62 -7032.37 -4228.05 -1817.54 -6631.81 -1423.83 -4739.14 -3864.42 665.347 -3284.24 -6587.75 -7031.7 -5554.03 -3064.92 -5771.25 16.1967 -2185.45 -2430.22 -4419.98 -8650.1 -6556.8 -1751.51 877.179 5113.39 2973.61 3676.48 4489.71 5936.31 4926.61 1604.87 6144.18 4744.61 3201.27 5730.9 6538.54 4710.39 5010.2 4476.1 2561.92 1377.25 -2125.88 -515.955 -670.808 1965.82 3312.36 3345.92 3761.4 1739.3 -880.808 38.8558 2631.65
1204000 -851.727 -3828.41 -1396.59 749.403 1514.54 8145.56 4739.7 7606.31 7969.17 8888.22 3338.72 3587.66 4591.55 2535.76 4704.75 6588.96 8909.64 8731.41 7258.63 5376.3 5247.93 2246.39 -2603.81 563.357 -2216.37 -741.046 1213.95 -1023.23 1023.03 -2454.09 -2743.05 -6261.37 -8035.39 -6037.87 -7038.52 -12305.9 -6251.88 -8273.94 -7177.37 -10091.4 -5550.05 -9338.1 -6533.67 -301.177 -1443.35 -1999.35 842.568 3364.25 1712.53 2428.7 3235.74
1206000 4991.92 1075.12 5194.83 2337.9 -93.9921 0.998373 -2257.37 2690.08 1522.73 796.77 5082.35 3627.95 5120.92 -362.584 969.173 -5404.62 -8453.39 -11924.2 -9418.09 -6379.31 -1656.85 -3922.64 -9809.26 -8853.39 -9169.91 -6664.38 -4401.18 -175.241 -5770.68 -2363.48 1233.82 -541.738 722.407 4470 336.582 -527.532 1727.55 4980.65 5311.88 5058 11515.1 11640.8 6626 6116.85 1889.85 -224.558 363.945 2775.79 5236.69 4403.62 2785.63
1208000 -1656.88 -5617.33 -5394.14 -3670 -890.633 -6281.78 -6744.81 -3623.74 -8217.8 -7699.46 -2373.7 -4811.69 -6387.43 -6233 -5160.85 -3584.57 -4982.53 -8798.26 -5615.5 -3330.36 -3080.15 -882.348 339.476 7739.9 9045.82 7139.42 3322.61 4520.7 3317.41 2807.34 3414.77 3059.21 3810.46 5057.08 7054.61 9702.52 4685.27 5629.36 6642.83 -2231.24 244.041 -1297.71 -1703.42 1250.94 5740.24 -147.573 3168.87 455.632 1665.55 793.939 -4388.59
1210000 5640.73 414.3 1934.72 -1548.42 6111.15 7947.27 7944.47 4574.48 3001.64 1749.71 3301.66 3057.68 4481.06 4692.98 6543.42 7938.15 8691.06 8994.75 8075.63 7469.39 10732.1 5871.87 5319.56 4713.85 2772.71 4040.8 -2265.48 -2043.11 -4799.97 -5067.61 -8332.77 -10601.2 -8514.73 -9875.85 -5570.05 -6197.66 -8491.92 -7410.83 -8845.15 -9759.65 -6503.64 -4263.57 -7173.72 -6179.14 2997.58 -626.268 341.992 1099.63 2653.83 -1209.3 -6115.94
1212000 10637.1 3489.94 4533.73 1909.3 482.147 2034.14 2518.65 3641.24 3385.59 2660.75 1246.37 4050.4 5472.83 253.417 -4293.84 -1237.42 -3613.99 -6095.69 -4171.71 204.471 -5148.3 -8169.77 -9656.15 -6590 -13036.3 -9297.38 -6702.04 -1754.99 3632.98 1135.33 -1258.97 -1827.81 -2209.34 1338.99 -2277.76 -2213.86 2236.88 5008.19 5157.46 4090.34 6919.06 4010.17 -270.631 1740.47 989.712 -700.607 2782.41 472.706 4136.34 5116.87 -5038.49
1214000 -2600.06 -3120.69 840.569 -2305.7 -3271.49 -3974.86 -4260.26 -5374.5 -2163.22 -4833.82 -1330.29 -6641.12 -5813.87 -4268.68 -5882.95 -1077.22 -3874.93 -5386.53 -2574.71 53.3344 -3689.05 1611.32 1561.95 6233.06 6358.96 5121.45 7757.45 2575.2 4692.95 2207.43 1362.4 8484.09 5860.57 6490.55 5372.24 3680.9 4105.02 6225.74 896.874 745.557 -245.351 -5787.98 -4242.09 192.636 2398.79 1257.67 4483.53 -1492.58 -413.041 -545.364 -4458.92
1216000 3793.57 -3433.72 -174.219 1870.62 4936.62 10008 8338.41 6388.64 2236.98 3851.86 3451.92 4979.27 5247.07 5997.47 6090.48 10073 10018.2 6661.54 4647.08 5908.09 5131.36 4528.51 5900.09 4360.5 2694.66 2776.47 2368.09 -1908.6 -5064.26 -8687.87 -10834.5 -10854.3 -6395.3 -6474.46 -6009.31 -7009.97 -11461.5 -12492.7 -13933.3 -10243.1 -6882.11 -3458.36 1775.45 -5302.43 -894.238 227.346 3673.67 1789.66 3311.15 -421.332 -1536.28
1218000 9049.69 4254.19 1279.73 5186.75 1048.64 3584.08 -350.639 4869.49 4271.88 208.88 3851.21 -262.113 -1130.25 -1147.95 255.923 -2961.47 -5335.99 -8593.94 -7513.4 -10822.5 -11141.5 -8093.53 -6718.6 -8041.5 -13731.8 -8612.08 -4831.62 -2727.74 -774.314 4229.69 3135.29 2287.07 -2034.98 -1737.63 -3973.3 4171.32 980.816 5689.35 4285.1 8817.02 6908.86 7362.47 2449.47 4099.74 2112.74 398.672 -2285.31 -2978.04 4527.11 2492.4 5412.15
1220000 3801.93 -2186.65 -130.401 -423.879 -6699.95 -5958.74 -8287.27 -11740.9 -11810.8 -6976.16 -7150.58 -5364.83 -4126.98 -2188.71 -3066.24 -2897.72 -4640.67 -8841.72 -2952.2 -3750.77 -1893.17 157.144 -2191.89 5127.14 5671.26 8790.61 5416.63 3079.54 1847.35 3800.83 4660.37 8279.33 10112.7 9521.98 9716.2 9394.97 2406.42 5975.96 4069.74 4586.42 2307.71 -185.73 -2857.03 -6004.68 3102.24 4299.11 2751.65 1498.68 2858.05 2432.05 -2550.29
1222000 -9049.5 -2524.74 -18.8032 2808.13 2713.95 8938.61 6103.88 7768.49 -1495.2 196.1 -73.8926 3106.26 6355.39 7434.42 10629.3 11189.6 11939.9 9421.43 9216.62 5835.56 8768.97 5963.74 5605.22 2857.83 -1605.3 5061.06 1026.6 1767.54 -4774.01 -8917.58 -12265.5 -16390.1 -10078.1 -6102 -5779.03 -2554.21 -8586.6 -7552.53 -12697.5 -7429.02 -9274.35 -5671.86 -4121.3 -872.572 2287.41 -573.24 -2983.03 -1092.7 -547.657 -406.785 1312.38
1224000 1289.57 6825.22 3147.15 -325.955 1073.22 -1156.1 1166.48 4384.75 4192.41 4302.09 2351.48 -1477.03 -928.897 -4651.62 -2069.45 -4838.37 -2603.38 -2187.54 -2983.77 -3810.04 -4039.46 -6055.92 -8341.1 -6465.9 -13001.8 -7790.96 -5597.04 -3084.44 -1578.62 3291.68 3262.27 1701.82 -1026.98 -1195.92 1136.97 3680.42 3639.38 5633.89 4809.39 9467.25 7706.13 5575.36 436.233 -69.0152 -1272.26 -3199.09 -2365.81 419.515 5371.65 4616.89 9490.52
1226000 -5518.46 -4199.62 -4817.43 -7636.55 -7002.87 -9710.12 -8471.19 -7957.54 -9797.99 -4700.66 -9082.08 -5820.04 -4409.21 -4481.66 -8956.92 -6528.34 -7035.61 -1876.79 -4864.04 -475.57 -3008.94 -233.961 3847.79 6466.54 5383.8 4076.75 1737.6 3628.72 1624.78 1868.17 4583.36 9537.81 10037.4 12688.2 8287.78 9328.69 11314.8 9350.34 8173.19 7348.02 4160.16 4095.77 -1373.56 114.562 4009.45 498.997 3050.27 3110.11 -812.749 -99.1673 -5522.38
1228000 6047.83 2367.68 -129.303 1909.24 -1535.77 6503.12 2986.51 4685.82 -2777.42 -493.631 -640.742 2057.55 3499.61 7346.55 11087.2 7022.94 10418.7 7005.71 7573.64 6479.97 649.016 5205.12 4786.63 6759.49 6169.2 7917.88 4584.94 902.794 -5662.83 -6172.55 -6325.78 -10969 -7319.63 -6235.77 -841.643 -3267.42 -5879.45 -9514.26 -9982.2 -12642.7 -9482.62 -7909.21 1407.5 -1070.3 1874.5 -2189.23 -1857.31 -2710.25 -5281.96 -2578.34 -11189.1
1230000 1079.93 2211.4 4794.04 2261.53 -224.892 3271.29 -1351.6 6514.32 3186.7 5837.18 5103.12 5907.73 -755.708 -3407.62 -1101.92 -5731.54 -1043.45 -1593.15 -4881.7 358.572 -8655.86 -7504.41 -9453.97 -10342.5 -8182.59 -5370.14 -7000.16 -7464.47 -381.044 6809.85 4769.66 3261.02 1856.27 3768.86 4639.14 -271.893 2765.75 3399.48 3598.18 7538.98 3666.7 1883.03 3414.7 -2914.36 -1550.78 -6185.9 -1309.62 3514.65 -2574.71 49.196 534.21
1232000 3703.16 -5769.73 -3131.93 -5069.09 -6008.61 -6152.48 -9583.26 -9659.82 -6305.98 -3296.61 -4392.24 -3845.08 -2385.76 -1312.76 -7814.83 -7071.53 -5688.68 -4793.62 -6722.44 -2773.82 -3544.15 -925.546 2940.51 5861.94 5022.68 5797.44 6348.34 5293.83 4946.24 3976.57 614.826 8009.29 11973.2 10331.1 11586.6 12624.5 8856.91 10034.5 3658.45 -208.067 1116.85 -936.642 769.531 -1118.9 -5021.82 -7053.68 -3816.71 2846.6 1405.38 2096.84 -882.847
1234000 3404.48 1030.08 -1158.84 6933.05 4564.7 3568.7 3877.62 3051.42 -2866.42 870.646 -106.17 965.917 2600.74 4198.55 10697.1 12046.3 12287.1 4765.72 9370.59 6374.89 7352.32 6352.51 4783.88 3749.86 5964.86 3773.49 2146.71 1827.26 -2467.6 -7262.03 -4940.64 -9230.78 -9309.5 -3056.79 -6623.77 -3149.59 -8912.51 -7056.4 -9266.21 -10752.3 -7973.49 -6581.2 -4912.94 -2226.12 2487.34 4160.32 -4066.63 -5759.97 -5637.06 -3745.39 104.425
1236000 -34.3326 228.179 1293.87 2655.37 -1802.05 533.467 -1071.67 3492.48 1885.05 -247.26 2008.08 2571.03 1147.46 -2287.54 -2100.69 -3296.26 -1044.96 -402.889 -2870.04 -2613.85 -3990.79 -6348.53 -7899.2 -10694.5 -8565.16 -6041.73 -6161.48 -3748.17 -4193.06 2371.78 2371.89 2650.61 7014.33 7061.93 147.631 2886.69 -1437.01 4781.42 4208.01 6608.37 9460.69 7391.81 7041.92 2391.94 1075.06 -4032.21 -258.852 1083.25 -2224.27 -574.438 550.153
1238000 -4912.92 -6493.4 -4121.04 -8684.95 -6714.89 -9911.72 -3373.92 -8121.23 -7889.19 -7556.58 -3292.56 -6664.81 -4363.85 -7938.41 -7975.85 -7850.26 -9978.53 -10417.3 -6078.82 -740.31 3164.65 3964.56 8628.9 4140.64 3880.37 6042.98 7554.72 6982.01 4585.93 5529.18 5054.14 7368.39 7583.59 5512.97 13550.4 9639.85 5810.75 3196.84 921.516 958.569 5542.63 2336.19 3574.15 4827.59 1160.7 -1078.53 -59.7673 2633.78 2607.95 -837.201 -2375.07
1240000 -2905.36 -3349.82 741.722 1510.07 4995.49 2288.04 6702.18 802.65 -338.032 -3663.25 -3122.38 -1040.26 2366.93 8112.89 12548.5 7680.46 9801.05 12146.6 6896.24 5789.14 4418.46 3953 5688.48 8922.41 5853.86 6297.28 7077.97 248.728 1908.93 -4478.89 -7002.99 -7136.05 -10993.7 -7940.4 -6695.56 -6844.1 -9707.18 -7886.29 -8579.8 -8275.6 -6943.05 -7964.32 -5215.79 -286.253 -1019.3 4453.79 -2733.17 -1323.97 -6903.37 -3360.25 -3642.25
1242000 2000.35 -421.291 2655.49 3043.7 2170.4 2655.05 3471.57 4287 5228.03 5000.19 2274.91 2592.28 969.466 -4687.46 -3587.55 -5468.68 -2171.56 -1293.11 -1300.26 -6680.91 -6503.62 -7028.24 -6391.74 -10979.4 -9042.77 -8374.54 -5238.32 -745.711 512.026 1152.61 -1069.3 1524.62 5059.51 4112.15 3118.4 4557.21 6960.79 6790.58 9491.02 6613.06 7706.18 4770.61 1969.05 -227.358 -4635.59 -3147.49 557.007 -302.879 -3108.19 -610.393 -1240.62
1244000 6652.41 1458.98 -2450.29 -7553.35 -6277.21 -8269.55 -6618.12 -4818.98 -6275.03 -3859.09 2403.23 -4089.72 -5655.95 -10605.6 -7826.59 -13622.1 -7737.79 -10097 -3662.65 -3016.56 -2615.63 1349.99 2095.74 -445.335 -1045.15 3362.21 797.979 5984.53 7952.16 9890.14 7254.14 6925.95 2617.54 7545.93 5088.61 7806.83 7138.26 9111.83 3515.8 3915.77 9142.14 2284.74 6320.28 -898.746 -1785.42 -1521.3 -2653.67 -960.027 1732.42 5747.85 5180.94
1246000 -307.724 3815.86 3287.2 4986.78 4754.22 2590.6 5661.53 1986.08 1746.22 -1029.3 536.836 3360.08 2757.79 5839.92 8958.71 9651.6 11956.6 14424.3 8308.92 5918.83 1723.45 -843.561 2831.17 1765.15 2566.68 2692.78 1694.31 1617.78 -2502.79 -4863.99 -6215.17 -4343.03 -6890.01 -8302.21 -10073 -7952.56 -9791.62 -8841.43 -7825.05 -6886.37 -5255.41 -2939.46 -2662.85 -2513.03 17.5841 -1481.2 -249.083 -4941.89 -1397.98 -789.902 -4153.26
1248000 -3674.17 2860.55 288.345 1312.39 2579.1 2414.28 126.877 4693.6 2559.94 -402.849 -201.388 -2362.1 1617.27 2188.86 -793.836 1683.22 -2211.24 -983.023 -5327.02 -5391.7 -6307.51 -4674.56 -5242.84 -7733.67 -7476.9 -9866.54 -7318.92 -4365.45 -6766.81 -2372.68 -3237.89 -2743.75 -225.903 3908.74 5668.95 4933.74 4611.32 5455.82 6724.18 5078.2 10850 5475.53 1986.6 3610.2 2248.94 -1118.94 1406.4 1895.68 2515.29 -782.782 -2133.85
1250000 2919.21 403.784 -607.436 -2763.09 -4212.44 -10483.2 -7238.78 -9170.03 -7479.05 -6162.1 -4122.48 -4330.59 -6371.14 -7194.06 -6910.75 -7236.8 -9912.09 -10039.4 -10608.2 -3072.63 1761.14 4184.34 -606.999 2748.82 2640.45 670.343 1566.83 4198.33 6305.77 4227.86 6392.4 6688.13 4952.78 3586.21 11222.5 7453.72 10392.5 6306.36 2059.93 2728.84 7289.92 3564.4 -2355.72 -1123.34 -642.737 86.0309 4901.3 3313.12 6135.75 6439.91 1889.26
1252000 10553.9 1149.13 5593.56 6558.25 6550.51 -378.056 5605.85 5303.35 2157.08 -650.246 -3824.86 -4072.86 -2049.23 1680.26 4512.67 6442.44 9748.51 9086.22 8570.74 4824.57 -603.573 2948.54 4266.3 2593.3 4881.11 5787.59 555.329 -1097.98 -2139.5 -2144.1 -6466.92 -4541.97 -5505.22 -7998.86 -10630.7 -13981.2 -6900.52 -10496.2 -5850.37 -9561.9 -10688.3 -5370.74 -3874.46 1543.11 4164.44 2766.26 1898.28 -1487.91 5678.51 655.896 -8990.08
1254000 6904.52 1186.52 -1988.59 -639.33 3099.04 3479.81 6317.56 4434.39 3441.93 1787.85 1117.68 4675.99 627.685 1224.3 -1103.03 -299.456 -5762.03 -6092.73 -6757.11 -5122.65 -5009.56 -12331.7 -6929.54 -4705.55 -6890.71 -3560.39 -1259.38 -6767.29 -4547.54 -1241.97 515.978 -581.662 98.074 3627.32 4490.44 4032.05 4475.68 1503.47 -1743.78 2191.02 2976.58 46.7746 2729.97 4207.7 2145.3 -1911.53 1971.78 1569.27 521.489 6120.58 454.277
1256000 3821.82 -1926.42 -1534.08 -6382.03 -8188.95 -6341.26 -11153.9 -4607.12 -5776.79 -1156.2 -3260.28 -3021.25 -5406.87 -7474.68 -8135.44 -4276.31 -4403.86 -4663.75 -2175.66 -3297.05 2461.98 5166.45 8922.62 4492.1 2175.63 1427.67 3090.52 4779.87 3717.13 6819.57 6174.18 7662.57 3042.8 4272.39 2904.29 427.133 6619.62 3213.24 5971.39 -359.255 3129.15 4416.48 503.667 396.1 -1565.22 865.465 469.804 5182.43 2552.8 2542.8 3223.89
1258000 -2855.23 -4807.97 5175.64 -1209.6 2524.69 -372.8 -2185.66 1329.85 90.4033 1982.67 -1293.62 4286.27 -155.193 8230.6 6246.44 8269.99 10464.3 13834.5 11814 10195.2 6307.13 4658.54 6553.07 7260.82 6269.3 2876.73 -270.875 39.3339 -4356.36 -7583.83 -8914.14 -8669.3 -6336.06 -4632.3 -6921.4 -11878 -8861.46 -8963.18 -8875.69 -10841.5 -6774.97 -8096.73 -1975.73 973.016 81.9563 3383.19 1558.7 2619.18 -2157.2 330.437 -4067.93
1260000 610.194 666.26 -1205.6 -4303.11 -1351.26 2165.08 6898.03 7232.16 -1467.81 -390.866 673.919 4250.28 1654.44 4206.66 -724.266 1127.51 -117.202 -3235.13 -6571.71 -5737.2 -2722.69 -8140.54 -4487.99 -5574.87 -5583.02 -6877.99 -1762.08 -1109.24 -6441.95 -2692.09 -3853.33 -3397.81 -2859.65 -1720.98 5570.78 5303.71 5523.77 1336.41 3637.37 847.7 454.372 3260.66 5453.03 4504.39 3336.3 1663.29 -76.0928 1145.36 1185.24 3123.69 4054.47
1262000 5471.38 1173.75 5120.49 1524.91 -9654.25 -9562.09 -7418.98 -2981.27 -1072.91 -234.846 -1207.2 -46.726 -2994.94 -6255.95 -11832.4 -12594.9 -10092.3 -4649.29 -4707.35 -2927.96 -763.754 3206.56 3252.44 5848.11 5313.58 1106.81 4319.41 2110.72 5414.6 5782.37 8716.28 5437.28 4959.49 6865.51 3587.09 3586.68 8369.36 7867.38 3683.46 6892.77 4544.67 1486.5 -805.759 -4159.62 -3074.09 -2243.2 -698.416 -2148.01 -209.777 457.545 -13752.4
1264000 7276.73 -3791.13 1950.75 -1443.38 2571.94 2599.58 -62.9862 -1158.6 -1384.87 681.806 -2318.05 36.1584 4829.8 2314.31 6673.72 8205.1 7888.44 12027.8 9902.35 11966.7 10346.5 10152.6 10880 9290.77 7220.67 2319.8 -218.147 -405.87 -1741.47 -996.855 -2418.13 -6882.75 -5776.12 -6799.37 -7354.13 -11743 -9191.73 -12656.5 -15041.7 -3917.91 -1567.11 -5633.58 -4547.04 -4532.97 -723.048 -2568.11 -2091.28 -389.586 -7269.16 1056.89 -9831.93
1266000 1172.94 3241.6 -5342.42 -3643.74 647.768 817.888 3529.82 2739.72 -313.562 -1819.5 50.0157 4981.59 5621.16 1807.72 -1177.92 1013.11 -1521.67 -597.177 -8421.52 -5917.6 -6651.66 -7443.77 -7263.48 -2930.75 -3494.51 -3884.28 -1746.41 1395.39 -5799.91 -5469.63 -2360.5 -291.461 159.001 759.079 3677.23 4848.95 10123.6 6930.03 2746.17 2329.43 3345.15 6561.61 361.922 2328.71 6184.04 1302.23 -920.927 918.312 1068.73 922.658 7579.05
1268000 5710.23 -974.844 -1070.79 325.719 -9586.48 -5956.48 -6719.1 -5139.59 -9511.65 -3831.12 -3947.76 -2714.82 -4517.43 -6725.89 -9614.37 -7016.69 -6645.14 -2970.9 31.8148 -3340.6 -4269.22 -1880.77 48.8544 812.855 2558.18 2974.06 9.224 1617.43 3366.58 6014.82 3231.11 8038.79 7605.69 2197.76 7957.33 2191.38 4051.53 4627.02 6597.05 9130.29 4835.1 2893.2 -2318.68 -1697.48 3539.77 1080.22 2439.82 2133.03 2037.35 6009.24 825.163
1270000 -148.653 -2071.82 -1389.85 -325.22 3027.93 3727.76 3190.85 896.765 -709.333 -643.954 1193.48 3652.61 3157.83 6754.54 9936.11 7642.78 7717.15 8143.13 8277.99 7736.88 10080.9 10580.6 5094.89 -2027.92 -337.614 -2222.76 2893.92 1264.08 -828.277 -1071.03 -287.184 -926.879 -2406.81 -10446.3 -7707.66 -9572.79 -14116.7 -12190.3 -13238.2 -6786.76 -1784.5 140.573 -4217.24 561.011 1481.1 -4056.17 -1041.36 -228.367 -7485.25 -6881.97 3261.96
1272000 2908.95 -74.6637 -1884.58 3833.92 1782.2 2281.97 -1953.6 1419.41 3255.12 349.615 -3016.24 1199.72 7171.71 1650.71 1758.94 -594.963 -1418.05 1831.57 -7069.7 -7114.41 -11879.4 -13219.7 -7688.44 -4815.67 -2692.85 -1488.11 675.107 -496.559 846.803 -1311.63 -7258.46 -3229.68 2019.87 -481.043 6026.19 6587.2 9887.8 7956.8 4028.01 4276.28 1261.6 2741.03 3261.59 2599.94 4307.27 1559.71 925.636 944.078 31.2557 -4478.58 -4930.81
1274000 6051.99 828.628 -1165.5 -1742.54 -7835.1 -4030.58 -5232.83 -6917.14 -4265.9 -1756.76 -2981.78 -6506.98 -6812.37 -9661.47 -13991.2 -10385.9 -11573.8 -3397.17 74.4145 -610.184 -597.495 -1104.64 -2997.66 278.868 2687.37 4210.09 6464.11 370.145 5586.41 6921.11 4898.99 9005.33 11175.5 6112.36 3626.67 251.585 3723.2 3221.63 4914.75 5124.38 6893.13 1132.08 -5337.55 830.228 -1315.07 5554.84 5048.41 1153.84 4901.14 1265.08 2739.69
1276000 -4713.86 3286.87 -97.0704 -230.224 -1300.96 1844.5 1435.38 3741.96 2649.58 131.001 1381.74 1739.9 1844.5 -1281.51 3191.92 9580.32 9675.98 10781 12383.4 11369.8 12103.6 8101.65 6763.54 7273.23 -1534.71 -954.356 -3942.52 -2680.66 -1849.29 -3535.27 -3661.7 -4328.05 -3407.46 -8981.42 -6830.38 -12794.4 -7660.28 -14177.3 -9509.37 -8961.61 -3117.51 -1551.79 -2511.16 -452.073 -1767.36 -728.666 -930.824 -346.989 -4820.73 -2391.2 5652.99
1278000 -5516.41 199.387 2643.8 5586.27 7861.68 1341.85 1895.53 3607.33 1834.84 1765.2 3419.95 3527.73 3219.1 89.1311 2125.92 -3224.99 -2246.92 -3033.52 -4253.64 -8049.31 -9144.41 -12405 -152.371 -1104.51 -5064.37 -5195.72 -3301.83 -9416.23 -3581.38 -3149.49 -6135.2 -3834.5 -3689.45 6451.97 5406.19 4771.98 5255.53 3467.94 6944.05 2728.94 837.333 1660.46 1304.69 278.339 3930.94 2733.7 4207.43 4156.64 1799.45 909.55 4825.69
1280000 1471 3562.59 -694.858 -1457.24 -1090.77 -2779.76 -855.275 -1246.82 -3533.15 -3779.19 -1938.23 -6163.02 -2219.53 -7770.4 -6859.98 -7611.32 -9972.03 -8003.05 -5679.24 -2652.81 -84.3076 -420.544 -1171.74 -3112.77 -4123.66 1390.98 2589.31 208.947 2040.21 2752.8 3506.15 6809.99 5453.94 6998.23 2380.07 3400.42 6682.47 4712.42 5202.89 4815.35 2946.24 1624.86 -1110.37 -651.18 1873.41 4207.7 1629.54 279.327 2483.61 4252.4 1149.85
