# Time-averaged data for fix AVE_zz
# TimeStep c_stress_Au1[3] c_stress_Au2[3] c_stress_Au3[3] c_stress_Au4[3] c_stress_Au5[3] c_stress_Au6[3] c_stress_Au7[3] c_stress_Au8[3] c_stress_Au9[3] c_stress_Au10[3] c_stress_Au11[3] c_stress_Au12[3] c_stress_Au13[3] c_stress_Au14[3] c_stress_Au15[3] c_stress_Au16[3] c_stress_Au17[3] c_stress_Au18[3] c_stress_Au19[3] c_stress_Au20[3] c_stress_Au21[3] c_stress_Au22[3] c_stress_Au23[3] c_stress_Au24[3] c_stress_Au25[3] c_stress_Au26[3] c_stress_Au27[3] c_stress_Au28[3] c_stress_Au29[3] c_stress_Au30[3] c_stress_Au31[3] c_stress_Au32[3] c_stress_Au33[3] c_stress_Au34[3] c_stress_Au35[3] c_stress_Au36[3] c_stress_Au37[3] c_stress_Au38[3] c_stress_Au39[3] c_stress_Au40[3] c_stress_Au41[3] c_stress_Au42[3] c_stress_Au43[3] c_stress_Au44[3] c_stress_Au45[3] c_stress_Au46[3] c_stress_Au47[3] c_stress_Au48[3] c_stress_Au49[3] c_stress_Au50[3] c_stress_Au51[3]
1002000 9582.09 2818.56 2573.25 1742.38 -2974.06 -5235.44 -1208.68 2511.92 1579.5 202.383 -2243.35 -5325.82 -5093.03 -4591.95 -4391.45 -1021.54 -4130.42 -4909.61 -8463.82 -11159.6 -10813.4 -6496.57 -6796.78 -5827.41 -4743.07 -5986.76 -5734.87 -3163.59 -1855.26 -1367.94 -1120.25 -458.357 -86.1141 1359.9 1902.13 7694.79 8893.17 11978 11304.1 7166.41 2483.68 2754.85 5298.81 6745.07 6334.36 6141.49 6594.87 5619.76 3241.11 1673.37 -11424.2
1004000 -2327.86 -5606.78 -9889.07 -7361.19 -4966.01 331.067 -2249.41 -5816.4 -8380.07 -7511.35 -4821.8 -4298 -3113.37 -5692.92 -7862.52 -5782.65 -4351.29 -3589.37 1471.71 8838.84 9318.05 7533.21 5850.65 5253.03 6868.7 9148.9 8720.38 6614.87 4760.25 7223.9 7587.58 8476.52 5221.69 5996.47 5896.68 5882.02 1107.03 -1827.03 -5199.3 -5974.65 -1043.99 506.525 -2984.59 -1477.32 -1776.94 -3432.92 -917.067 -126.82 -1299.94 -673.874 -3279.38
1006000 861.315 3771.03 7133.91 10142.6 6463.89 2089.73 1513.41 3773.54 6813.84 9918.71 7466.61 7047.34 9750.16 11523.6 10329.9 9676.53 7607.22 8816.43 8088.15 4118.71 -1191.99 -1622.77 2454.21 778.048 -150.653 -2504.71 -3750.48 -2929.2 -3172.11 -5054.64 -5812.2 -5161.47 -7700.47 -8238.19 -13118.5 -13128.2 -12553.7 -8593.09 -5179 -4132.16 -5662.13 -3123.38 -3995.35 -5150.41 -4826.68 -4848.52 -6367.31 -4804.94 -3325.05 -3374.21 520.952
1008000 -4327.6 3784.06 2072.8 -2197.87 -2464.32 -2064.26 961.922 1002.65 500.826 -752.657 -2608.39 -2115.15 -4185.2 -3837.4 -2305.6 -1864.36 -4499.76 -7462.91 -11338.9 -9872.07 -5726.78 -6333.9 -7563.44 -7553.77 -8211.08 -7238.11 -4270.26 -4014 -3021.47 -3547.43 -4957.89 -1559.51 95.8699 613.952 6041.55 11805.8 11128.9 9438.56 7261.03 7865.94 7531.25 6976.12 7251.16 7030.47 6067.8 8401.59 6479.25 5110.99 2868.58 3887.13 10413.1
1010000 -4132.03 -8887.87 -7077.44 -6834.88 -5614.83 -3113.06 -4044.05 -4586.57 -6776.94 -8871.04 -5659.31 -6177.29 -7886.03 -9034.8 -9118.7 -8489.17 -5468.96 -1981.99 3729.52 6608.07 5527.12 4421.9 4793.93 6852.43 9482.82 10717.1 9688.33 7825.56 7656.82 8772.15 9745.52 8551.56 7458.4 9314.32 5964.64 2079.63 774.079 -1141.37 -3439.6 -2476.92 -4471.17 -2711.29 -2669.98 -2508.85 -1297.7 -2897.81 -1737.28 16.2537 70.6852 -1519.21 -10932.1
1012000 15973.2 5174.47 7786.97 8044.42 7075.96 4525.65 2915.85 4078.92 7363.66 8216.35 8622.91 9799.45 12508.1 11343.3 8964.31 11203.8 9202.01 9845.61 8189.02 3628.54 -154.11 -722.121 76.3343 994.802 -797.837 -4486.61 -3664.98 -6985.15 -5843.46 -6665.05 -6190.54 -6299.42 -8954.27 -13500 -12697.2 -12451.4 -10957.4 -7223.05 -5481.43 -3680.94 -4525.72 -5357.49 -4997.13 -3144.6 -5226.09 -5822.52 -4992.68 -4929.1 -2713.31 914.002 -8831.89
1014000 5508.9 1532.92 333.209 -610.696 -3244.67 -894.168 1203.22 1328.9 -1986.78 35.3072 -1454.45 -3149.05 -4273.94 -2109.64 -1113.35 -1888.83 -4874.67 -8215.38 -10646.3 -10947.5 -5524.31 -3492.17 -5854.26 -9635.05 -7629.41 -6706.36 -3871.34 -2833.47 -2591.13 -3592.89 -3742.67 -1084.23 873.286 2007.78 6187.42 9908.81 11066.5 8040.89 5016.11 6384.72 7894.2 9587.28 6736.31 5837.81 5729.43 8622.79 7572.77 4410.5 2618.88 3839.52 -594.397
1016000 -8390.33 -7727.78 -7014.34 -5975.63 -3917.02 -5724.89 -7109.76 -5411.41 -6380.69 -6231.22 -7574.88 -8008.58 -9668.7 -8818.27 -7649.01 -7942.74 -5896.69 -2501.69 2741.52 8297.93 4839.2 1562.66 6409.05 8303.03 11635.3 9795.21 8041.83 9372.24 9874.99 10193.3 10054.5 8297.5 9605.9 13219.1 9216.18 1779.8 -1198.96 -220.8 431.444 -102.791 -2969.95 -4552.85 -4912.75 -3069.72 -2162.32 -619.525 -2014.87 -192.936 -1262.98 -3854.62 -9687.99
1018000 6224.8 8995.22 7004.94 4743.81 4548.3 4744.27 6030.54 8064.6 5878.49 6536.27 9110.59 12213.3 12888.1 11602.1 9046.22 11362.8 11444 10165 5503.44 2671.9 1626.66 2443.04 180.621 -64.4412 -1244.98 -2177.69 -3314.17 -5076.02 -6540.4 -5198.86 -4193.89 -8548.44 -10785.7 -17234.5 -18194 -12358 -9770.77 -5180.36 -5706.14 -6563.57 -5164.21 -3564.74 -3566.05 -1478.26 -4549.89 -5854.42 -4904.91 -3646.24 -2020.95 3117.99 6512.95
1020000 191.191 -2316.05 -2473.41 864.333 2789.66 15.3343 702.417 320.479 -2663.35 -1125.24 -2642.43 -3801.73 -2122.19 -938.896 -1468.49 -4456.75 -6567.23 -7817.12 -8976.1 -9864.29 -7634.36 -6102.41 -7831.91 -9123.69 -8645.31 -7766.61 -7501.68 -5712.73 -4523.69 -6333.34 -5346.08 -1466.37 1734.89 6176.75 10689.2 9951.9 8476.69 7163.68 4329.47 8270.67 8760.67 7597.39 8815.06 7249.32 5979.43 7252.14 7367.41 5164.58 4270.8 3182.03 -2660
1022000 -3681.68 -5896.97 -3951.99 -5346.42 -5792.72 -6483.63 -8442.16 -6658.29 -2706.46 -3415.24 -6315.43 -8617.05 -10424.5 -9940.28 -9153.03 -6421.84 -4811.77 -2596.25 147.966 4867.16 4875.38 5472.59 7817.07 8570.65 8678.95 8176.91 10264.4 11812.8 10760.6 10836.2 11071.8 10522.5 9372.87 10826.6 7046.77 903.879 -286.96 -1263.67 1103.29 -2429.58 -4567.55 -3902.79 -6365.55 -5893.36 -2283.27 -2209.64 -264.855 -1417.23 -3042.81 -5148.73 -5945.56
1024000 2103.48 8316.32 5772.92 2870.3 2707.53 4778.56 5652.66 6872.35 4785.95 4608.07 8757.86 11235.8 11676.1 11226.6 10846.4 12199.8 11368.8 10601.6 7188.85 5206.81 3443.04 3389.53 826.287 -2080.09 -1455.23 -1242.09 -1978.17 -4940.03 -4284.4 -3835.67 -6710.58 -9348.93 -12146.5 -16790.9 -18086.2 -15274.9 -7402.69 -6005.87 -6065.83 -5226.78 -5106.91 -4093.05 -2997.63 -2537.72 -5438.08 -8282.22 -6587.39 -4228.79 -741.106 2843.92 8007.95
1026000 -6766.18 -3376.55 -3647.42 1169.49 3450.35 2041.77 976.339 429.834 -706.937 -1658.95 -2479.1 -853.845 247.667 -1227.46 -3319.9 -4809.88 -7386.97 -8646.9 -6164.47 -7941.52 -7346.76 -9689.73 -9798.26 -7165.97 -7094.74 -7431.33 -9446.61 -8728.1 -7562.2 -5409.28 -5210.59 -1700 1425.45 6633.37 10729.2 10161.3 6703.72 4912.01 5979.82 8405.05 5921.87 6552.24 7078.37 9864.1 9185.2 7530.84 6980.02 4425.55 4922.44 4066.07 4329.63
1028000 -3462.39 -2248.69 -339.541 -3298.71 -5066.2 -4971.75 -7179.12 -5806.28 -3504.72 -4807.21 -6640.46 -8514.88 -12241.1 -10464.6 -7137.79 -5023.89 -1612.73 -1683.3 -3048.07 -471.297 2909 5756.78 8498.8 9028.62 8730.12 9732.74 11271.6 11517.5 10958.9 9929.6 12940.4 12140.4 11550.7 9779.33 5331.7 3154.48 2407.09 981.942 -1240.2 -2686.29 -2288.68 -2872.59 -6178.32 -7103.93 -2476.09 -89.0639 1208.79 -1624.48 -6154.53 -6259 -8730.67
1030000 1408.08 4754.64 3243.88 2313.02 1607.71 1172 3920.59 3680.75 4611.5 5063.64 6019.5 7226.05 10328.7 12972.8 12888.3 10315.9 8184.21 8421.12 9283.44 7156.42 4787.24 4394.83 1297.51 -795.436 -2151.13 -4663.4 -4048.08 -2039.59 -1082.43 -4921.1 -9161.48 -11398.4 -12930.4 -13332.9 -16360.4 -12244.4 -8798.18 -6693.01 -5017.71 -3776.77 -1758.07 -1593.7 -2334.87 -4158.44 -4501.45 -6574.71 -6595.69 -2244.3 1433.51 3673.6 10134.8
1032000 8204.54 -1903.17 -2947.25 961.485 1643.81 3987.16 3444.28 3921.74 -70.4089 -734.077 322.341 2278.18 1115.59 -3207.95 -3806.97 -5841.68 -6219.11 -6588.94 -4698.64 -5694.31 -8578.65 -10816.7 -10455.5 -7911.97 -5541.69 -6741.46 -7931.01 -10592.8 -9222.24 -5234.38 -2428.26 1058.54 1575.62 3240.61 7309.42 8882.59 5379.42 5931.43 6865.32 5409.71 4358.32 3527.97 5936.02 7902.94 6244.94 4508.55 4658.15 2948.49 3687.01 2418.33 -5029.03
1034000 -9536.3 -2055.88 -1378.94 -2303.34 -6273.38 -4538.09 -5001.01 -6234.66 -8468.91 -6882.9 -6714.94 -8850.81 -9392.61 -10608.8 -7401.73 -4290.76 -1238.86 -630.105 -3589.44 -1733.35 3370.33 7823.62 10540 11220.7 11611.2 10740.1 10826.2 10090.1 9623.3 9376.42 9914.98 9295.26 10145.4 9131.41 5858.13 3814.62 1786.55 -242.6 -1504.08 -2620.44 -2475.22 -1633.52 -3461.3 -3199.55 -664.218 666.194 1341.86 17.307 -3200.78 -8006.75 -2591.47
1036000 5517.56 4850.7 1947.43 1988.59 3269.41 2808.73 2621.99 5480.18 7230.49 6155.98 4631.83 5021.76 7600.11 11031.9 11509.1 9783.94 6748.76 8130.84 8558.51 7067.26 4252.55 2494.49 2111.1 -1607.96 -3612.38 -4319.95 -3598.25 -148.384 562.912 -3365.09 -8813.13 -10500.4 -13354.1 -11173.3 -11004.6 -9604.09 -9773.8 -7271.96 -5532.47 -1741.27 -354.863 -2794.59 -5138.65 -5148.73 -7417.9 -7967.09 -6469.79 -3492.41 -1095.37 2723.9 3786.22
1038000 4995.23 -1351.7 -2098.91 -676.188 1561.98 2762.6 2552.73 866.036 -1170.48 1309.51 1994.67 1436.67 842.856 -3547.18 -4969.76 -5937.3 -7793.06 -5165.84 -3595.29 -6043.73 -7303.23 -9251.76 -9187.92 -7316.22 -6272.68 -7878.07 -8518.78 -8294.1 -9192.55 -7412.81 -1533.58 2611.58 4560.87 3699.03 4095.5 8382.5 7160.89 4854.74 6493.25 6657.35 5543.61 8343.71 7190.21 5675.72 8446.62 8248.29 7431.16 4231.15 2418.99 3106.9 -1016.03
1040000 -11950.3 -75.1136 553.007 -3274.03 -5709.29 -4328.4 -5371.52 -5810.33 -6424.39 -8082.05 -7474.8 -8856.91 -8019.82 -6742.05 -5506.85 -4303.46 -1043.53 -2041.84 -3724.03 -3597.45 749.542 4725.98 7926.05 8346.4 8606.33 9679.96 8271.41 6144.68 8479.57 9940.57 9056.88 7494.85 6424.13 7919.27 6419.91 2532.81 5394.34 4932.35 -767.495 -3205.94 -3747.71 -3140.7 -3115.14 -1230.63 504.853 -1547.57 -2561.35 -1978.41 -2252.12 -5433.92 1232.18
1042000 -2684.15 893.466 865.117 4265.38 5228.16 2893.71 2616.94 5380.43 5148.19 5590.51 6876.42 8176.41 9618.8 9790.02 11185.1 10893.5 10442.3 8846.13 8098.3 9803.51 7848.93 3477.88 -17.4004 -1290.86 -2122.43 -2428.12 -1146.07 1216.36 -184.133 -4833.48 -8713.11 -12133 -13074.1 -12579.1 -10689.7 -10014.8 -12669.8 -13143 -7170.95 -3963.19 -4651.92 -4880.62 -4002.38 -5870.34 -8316.62 -8917.62 -4198.28 -1307.11 2004.84 3053.36 6762.17
1044000 2085.34 1213.19 -1003.95 7.90895 913.77 1770.22 2238.1 2717.79 2531.03 2844.87 2202.62 -895.92 -4440.05 -4432.85 -6149.72 -7150.09 -7232.97 -6227.98 -4743.98 -5532.97 -8876.51 -7770.29 -8404.19 -8954.42 -8414.73 -7722.9 -6087.38 -7140.05 -8569.3 -4716.8 -151.711 5356.5 7871.44 3207.24 2320.35 6174.17 7113.84 7378.1 7777.77 6063.62 6138.59 6623.93 4654.13 5538.93 7082.95 8468.99 6266.38 4471.12 1193.27 1100.22 2285.33
1046000 -4381.42 -3418.18 -1768.45 -4149.44 -6766.27 -5511.19 -6504.95 -8962.45 -7740.19 -7313.93 -10501.5 -9656.76 -6729.71 -2237.28 -1645.85 -4719.92 -5745.52 -5247.09 -4548.43 -1207.78 214.42 3488.27 9501.99 10596.4 10250.1 10854.9 9165.61 6707.54 7882.95 8921.59 8679.22 7691.35 8494.73 8637.05 6980.5 5257.34 4643.89 4722 -964.18 -3614.07 -3145.34 -2561.94 -1324.63 -44.525 504.922 -1488.67 -5574.5 -5357.75 -3477.32 -5147.24 -4848.47
1048000 4791.93 1579.97 3183.43 3940.4 4767.31 4374.98 2545.81 5091.9 4478.06 4382.7 6830.33 10294.3 9093.86 8328.69 8003.58 11731.5 11654.1 8823.87 7421.32 8155.86 8177.89 3141.22 -748.719 -2860.59 -2452.77 -1286.52 959.021 270.684 -654.361 -4118.7 -9289.35 -12438.1 -12963.9 -12173.6 -8542.59 -9054.31 -11540.6 -12340.6 -7077.9 -2200.66 -1232.86 -2547.22 -3019.73 -4576.27 -9958.56 -8215.58 -1382.13 3182.37 2731.28 2557.35 -1888.06
1050000 -614.153 2588.81 2375.37 1766.93 -145.551 1369.96 3656.18 3754.38 3704.17 6027.19 4321.86 -659.465 -4085.25 -7292.2 -8362.48 -5878.61 -5226.36 -2747.87 -3035.98 -7704.39 -9298.2 -7895.13 -8230.17 -8355.36 -8225.86 -9799.22 -12023.9 -10601.4 -8239.64 -2757.32 2542.35 4057.69 3560.48 2990.05 1229.66 2672.01 7250.91 7328.75 7666.65 6296.63 5323.79 5533.1 5113.41 5969.24 8784.25 8118.97 6840.37 4278.66 3414.3 3346.86 3237.92
1052000 -2283.5 -4745.36 -6248.72 -7380.12 -5234.3 -4790.29 -7965.99 -7744.05 -9317.47 -10129.8 -11804.6 -9902 -6023.23 891.725 -1226.61 -4065.68 -6223.84 -6949.46 -4614.41 446.643 3343.67 4149.77 7922.21 10974.5 10993.9 12211.6 11423.6 11173.4 8319.62 6674.61 6358.97 7342.89 7210.02 8161.13 7749.27 6896.7 4983.88 709.504 -1272.57 -3165.33 -3867.23 -4210.5 -2011.15 -369.194 769.962 -1123.48 -5256.59 -7676.03 -4487.14 -1008.8 -1777.44
1054000 -5314.15 1403.04 2095.79 3109.81 4445.82 4359.64 3845.2 4868.41 4619.04 5292.81 7352.67 10552.8 9531.55 9130.5 9932.85 10777.2 11075.4 10464.6 8212.05 7854.77 4994.08 2117.53 -32.3429 -1189.95 -2003.26 -561.708 346.623 567.119 -4180.2 -6944.52 -9058.03 -10010.1 -8658.36 -9334.26 -11712.2 -11518.4 -9415.05 -9472.89 -6311.11 -2354.33 -2990.07 -1860.21 -2905.62 -6791.6 -7955.94 -6474.58 -2013.51 1838.95 299.194 -1857.25 4478.31
1056000 3935.11 3263.31 3883.15 2420.67 -227.532 -1757.11 678.893 2749.4 3459.7 4948.32 4086.38 -2883.68 -8295.47 -9913.51 -9758.23 -5629.64 -3844.81 -5837.8 -7112.72 -8367.14 -8253.83 -7055.23 -5822.65 -7608.79 -8941.65 -10692.7 -12566.4 -12069.1 -5168.45 1677.75 3640.53 2821.11 2052.82 2862.87 3759.87 3678.72 5656.16 7327.31 7191.64 5871.68 5693.6 6841.63 6584.5 7438.11 7831.3 7137.13 5787.63 4281.16 4632.41 3417.15 -1297.04
1058000 -925.416 -5466.03 -4753.98 -4067.8 -3132.72 -760.1 -3925.63 -6771.34 -6729.25 -10648.8 -11655.3 -8480.86 -765.784 339.313 -922.533 -3480.21 -5495.49 -5177.7 -3466.31 201.119 2834.4 2422.91 5162.31 6584.13 9933.73 11297.6 11172.2 12808.5 9352.51 4723.91 2141.4 5608.19 6069.52 7474.86 8576.7 6604.6 2965.68 -311.178 -982.261 -1693.53 -2138.64 -1925.33 -2019.73 -460.521 -2198.64 -4046.19 -5388.51 -5073.38 -3343.29 -636.577 -2413.29
1060000 1053.2 2427.27 2034.54 1692.85 3478.58 2950.85 5489.52 6690.68 5607.58 6946.62 8828.98 8112.67 10569 8670.86 9022.9 11104.3 12747.9 11801.1 12028.3 6296.94 3778.09 3548.82 2476.21 -86.4179 -2131.14 1165.55 101.801 -4096.28 -7626.88 -8233.73 -9208.7 -8187.28 -9309.36 -10220.3 -13780.5 -13836.8 -8000.75 -6256.52 -6102.9 -5185.15 -5206.08 -6374.23 -5151.78 -5981.71 -4853.62 -2262.24 -1605.31 -859.013 -1681.22 -2995.2 783.205
1062000 3743.23 2124.39 2932.98 898.687 -1333.35 -2454.45 -2645.14 -958.825 2141.68 2684.86 1471.44 -3336.59 -9314.97 -9277.3 -9137.36 -8912.31 -6963.07 -7612.69 -8031 -7071.61 -5675.48 -8171.12 -6632.45 -5302.54 -8464.23 -9691.05 -11275.4 -8837.67 -2297.29 4809.71 4347.89 3032.45 3199.91 4239.2 6806.26 6408.44 4831.64 5526.88 8276.12 5880.24 6771.46 5810.68 6661.69 5337.12 8220.13 6378.08 4436.39 3751.9 5496.41 4964.89 2668.52
1064000 -4460.57 -3980.25 -5414.83 -6354.42 -2041.13 -208.656 -3692 -5914.4 -9441.99 -13139.1 -10349.9 -3763.14 -1890.75 -655.638 -3032.13 -3292.66 -1435.2 -1658.09 -4306.37 333.646 960.869 2109.6 3875.63 6813.83 7876.35 9218.45 12001.1 14893.9 10237.7 5301.13 4435.07 6120.41 6714.14 7637.76 8120.51 7580.55 5369 1443.24 -1934.87 -1234.62 217.057 1205.22 974.637 -2663.27 -5660.14 -6251.75 -4300.88 -1495.74 -2811.88 -4079.63 -4487.99
1066000 9618.92 3028.22 2542.99 4898.43 3368.05 2931.33 4698 6621.96 7092.52 9294.89 8815.25 9378.84 9352.64 9573.77 11970.5 12071 8345.57 10564 11429.6 6519.37 4054.48 5249.48 3271.49 824.463 2032.63 1145.73 -3814.95 -6991.45 -8598.61 -8285.81 -9479.69 -10961.2 -9532.87 -11862 -14604.1 -16154.7 -11662.8 -8092.56 -7307.73 -5277.55 -4898.52 -8788.07 -9814.81 -6124.54 -1563.54 1411.07 -1319.14 -3674.85 -3583.78 -1355.47 -4443.09
1068000 151.236 1616.96 252.931 -1972.48 -1399.33 35.8805 199.408 2278.37 3760.42 1137.81 -2871.91 -3560.67 -5711.42 -6838.24 -8990.76 -8458.48 -8355.29 -8690.5 -9390.13 -5847.72 -6085.56 -6782.71 -8339.85 -8818.6 -11274.3 -12736.7 -9188.95 -6105.14 -926.424 131.507 2617.5 5060.37 2404.24 3760.06 5994.94 6769.78 5484.71 6212.29 8052.93 6107.07 6401.53 9769.17 7364.32 8877.2 8785.78 6985.51 5948.08 5741.86 5496.85 6496.93 7746.55
1070000 -7173.28 -4235.75 -4790.56 -2571.34 -1720.96 -3829.6 -5796.85 -7861.86 -11489.5 -10588.5 -6212.18 -2618.25 -2047.11 -4349.38 -5382.53 -4776.3 -1895.1 -1229.67 -2720.19 -2017.91 300.238 3078.56 4846.01 7407.14 9575.98 10738.4 9825.8 11448.8 11276.1 6326.96 7156.46 5825.67 6871.62 8012.91 7882.54 8649.39 6995.32 861.507 329.172 -221.915 -1119.14 1629.92 -347.503 -3618.55 -7632.74 -6537.74 -4431.51 -1376.65 -1774.98 -5510.94 -4216.74
1072000 3360.41 1948.48 3946.49 5377.96 4930.5 4184.23 3641.41 5056.96 7675.26 9187.88 7951.32 6833.69 6197.23 8689.24 13968.7 14076.7 11141.7 10677.2 9252.44 7190.82 6283.88 4062.79 2996.31 2988.76 689.697 657.379 -2282.46 -7682.76 -6726.83 -4977.71 -8103.64 -11603 -11833.9 -13404.3 -11793.5 -13466.2 -11870.6 -8568.68 -8644.8 -7625.17 -7366.05 -9064.44 -9814.84 -5234.87 -651.058 -22.4171 -1909.78 -4085.21 -2950.39 -1717.83 -4157.75
1074000 8825.59 3726.43 1738.84 -1473.19 -1500.36 -516.356 2611.65 4934.72 3891.94 211.175 -2276.71 -1067.34 -1236.65 -2246.2 -9410.88 -10285.7 -11049.1 -10141.4 -7682.43 -3395.02 -3047.76 -5669.77 -7176.5 -11291 -11469.1 -11070 -6571.76 -2304.09 -3583.26 -3784.05 995.222 5196.17 6655.58 4609.12 4349.43 4736.58 5486.07 6438.51 6656.92 8437.61 5898.68 8800.53 8535.33 7312.53 6722.13 5567.28 4112.35 5439.07 4838.15 5888.71 4122.98
1076000 -8499.75 -8755.95 -5220.26 -2791.25 -3851.4 -5353.14 -9370.13 -11626 -11322.5 -8721.4 -7033.19 -6272.41 -7584.86 -4478.8 -3681.06 -4962.9 -2467.54 882.5 -811.823 -2062.45 -657.243 1029.65 3108.15 7205.07 11709.1 9729.86 9831.4 7955.97 9008.21 8120.29 6066.96 4686.02 6374.03 5378.06 7070.34 7649.6 4381.68 2914.21 2265.1 1288.19 1901.39 225.808 -1907.39 -711.042 -2555.11 -3810.22 -1360.62 -479.973 -2565.25 -4235.1 -2343.51
1078000 404.112 3744.23 4991.56 3901.41 4032.27 5507.96 5651.75 5062.5 5361.55 6947.36 8319.69 8249.52 6896.98 7072.81 11670.3 14290.4 13107.4 10974.4 5011.68 3330.7 3439.92 4009.53 5225.52 2087.26 293.165 -1294.3 -3312.38 -3864.18 -4045.48 -3958.99 -4931.71 -9569.61 -13333.8 -11850.8 -10274.2 -10129.2 -7610.83 -6615.61 -10543.8 -12134.7 -9041.53 -7830.32 -6209.4 -4224.51 -3677.38 -2028.26 -2678.62 -4306.51 -4671.87 -3978.76 1724.36
1080000 84.5313 2197.09 -160.689 900.303 159.736 -244.49 2109.99 3340.61 4197.73 3281.94 232.69 -563.372 1710.39 -1982.92 -7407.56 -9126.28 -12421.1 -10994.7 -5286.66 -1237.78 -2931.21 -5722.3 -8834.8 -10971.8 -8737.51 -9104.16 -5952.87 -3670.14 -3798.94 -4832.78 -1961.33 2007.56 5133.17 7499.7 4782.34 3144.63 2680.1 3117.34 7978.05 8182.25 4631.29 5786.82 6283.07 5822.38 4556.18 3597.64 4178.96 6745.06 6233.76 5288.34 9122.16
1082000 -11930 -1856.68 -3878.54 -6339.91 -6215.58 -6746.11 -9183.22 -7719.81 -8371.66 -6693.2 -7926.07 -7519.21 -7924.37 -6234.7 -4666.72 -4706.78 -2269.49 1330.15 -790.127 -1489.45 2334.51 2461.62 3839.56 4037.91 5187.51 9581.55 11090 7622.21 6714.77 8873.43 7200.79 9027.08 7312.34 3698.24 4212.77 4549.68 5677.65 3956.95 4403.45 4630.79 2649.27 -139.842 -2861.44 -2294.49 -440.956 -718.557 -649.961 -3391.08 -3174.94 -3764.69 3210.27
1084000 1805.62 -1348.8 2058.83 3986.73 6877.84 7084.29 6987.97 6612.94 3352.73 2710.67 3283.53 4882.72 7880.01 8615.12 12524.4 15192.5 13196.7 11060.1 7298.19 3712.06 2659.22 3672.9 5115.13 5755 3007.47 -582.489 -1860.98 -1400.32 -3142.53 -3214.24 -4277.57 -10708.9 -13550.6 -11884.7 -11360.6 -8954.13 -6802.5 -9323.45 -11051.9 -13538.8 -14042 -5426.39 -1459.93 -2346.03 -2821.8 -2785.32 -4224.35 -4127.85 -1647.82 -508.709 -5312.91
1086000 6023.59 1478.78 916.863 -45.3855 183.327 1318.99 -2410.84 -213.596 1576.87 3699.52 5098.9 2549.42 1303.91 -2781.04 -7596.05 -11781.5 -11708.6 -10011.3 -6690.61 -3235.84 -5255.25 -8731.76 -9716.28 -9834.7 -6908.1 -8456.59 -9545.62 -7616.9 -5488.84 -4628.36 -3675.79 1372.37 5976.93 7852.75 7709.52 4399.2 2624.28 5841.91 8880.31 9832.29 6831.95 6690.94 7470.86 3394.56 1275.03 1412.88 6154.6 10161.7 8211.49 5029.66 -499.146
1088000 -6120.91 1363.74 -605.011 -3022.81 -8043.36 -7822.92 -6629.78 -6837.15 -6629.93 -4575.55 -9491.71 -10300 -8024.14 -6113.65 -4198.38 -1710.79 -1786.3 -3010.71 -2338.53 -1820.76 606.847 4515.1 3993.53 -241.345 2731.39 7215.75 9061.15 7750.09 8141.95 10398.3 10565.8 9012.1 6364.98 2599.26 1130.7 3347.47 4372.57 3875.36 2935.53 2541.11 3798.07 1850.18 -2385.95 -518.736 1115.66 740.966 -2135.53 -5662.86 -7319.3 -5035.67 8729.86
1090000 -1584.22 -2857.46 1669.58 5798.31 6600.38 6276.85 6628.41 6455.1 5848.5 2974.74 2752.17 5767.59 9227.92 11278 10315.9 9528.04 10908.6 10330.8 10030.2 6657.02 1696.68 3654.43 4862.18 3311.92 2185.18 160.999 2032.29 -792.893 -4081.01 -7036.89 -8204.14 -9106.63 -11642.7 -9790.74 -7750.69 -8346.07 -8178.96 -8056.25 -9857.12 -12199.5 -10743 -8907.43 -5414.04 -2625.88 -4214.42 -2780.7 -3288.8 -3006.02 219.528 968.696 -4249.49
1092000 880.859 624.769 -1475.32 -2670.22 -1027.32 1137.5 -1199.9 -3494.02 -289.688 2562.98 4270.37 3995.57 829.874 -5195 -6620.86 -7645.14 -6123.13 -7210.45 -7092.37 -4394.29 -2058.56 -6244.13 -7024.01 -5591.47 -4250.94 -6930.85 -8599.78 -8758.54 -4592.34 -2833.51 -1495.06 917.734 3605.88 6339.48 5470.84 7268.06 7558.78 4070.52 3906.43 7674.68 6044.14 5454.04 5917.29 2728.29 3133.86 4207.39 5349.88 8350.39 4247.11 718.899 845.063
1094000 -4014.93 2160.64 2444.26 -2274.39 -6140.14 -7907.96 -6488.25 -3086.56 -4380.05 -6876.02 -6498.01 -9644.08 -9709.18 -6951.63 -3251.8 -5104.78 -3491.34 -3321.85 -3747.65 -321.156 1899.62 2722.35 3292.71 2173.58 2942.76 3884.9 6166.78 7371.04 11502 11442.6 10059.3 8035.97 6818.27 4011.76 1227.42 1926.16 1550.43 4080.97 4355.33 5146.95 2511.06 1469.49 2023.35 -912.792 -147.508 1009.14 -2109.94 -4404.82 -4527.05 -3113.82 -172.751
1096000 7942.27 -1400.3 194.72 5451.48 7974.23 6581.58 7943.8 7217.83 3442.28 2555.79 2570.45 6008.52 10642.9 11197.4 12140.6 9595.85 7858.23 9350 10646 7173.26 3716.15 1815.48 1367.48 1609.48 2505.44 2191.77 1430.7 -218.418 -3735.3 -6359.48 -7206.67 -9610.13 -10300.9 -8923.41 -7794.78 -7803.64 -9355.82 -9173.62 -8179.4 -9573.02 -9303.72 -7404.24 -6859.6 -6707.17 -5607.86 -4338.08 -4487.89 -2510.78 -485.364 2835.21 -6094.54
1098000 6623.79 623.982 -90.2395 -2895.26 137.879 942.516 -2552.64 -1584.18 -122.055 2054.67 2085.66 2271.38 894.499 -3712.32 -6870.16 -5067.57 -4286 -6037.26 -7143.07 -6310.22 -5606.14 -4097.26 -2134.6 -3136.91 -4070.13 -6146.25 -9115.55 -9188.87 -7669.93 -6318.6 -2593.33 700.943 1607.87 2984.91 4370.85 7350.29 7894.08 6104.93 2125.56 2293.49 6759.48 3712.14 2492.88 5274.27 5241.68 6310.58 8362.69 7352.27 3854.83 2491.05 -4181.26
1100000 -2233.14 -632.554 819.45 -810.596 -5477.18 -7807.31 -4869.06 -3178.73 -6163.04 -5697.23 -6993.39 -9026.36 -7564.02 -4656.53 -4509.5 -3699.57 -4989.66 -4124.39 -2579.47 -1852.05 419.062 1382.99 630.409 -82.2851 104.634 255.517 2940.69 8075.43 11427.1 12583.3 10464 9195.6 7749.17 6522.66 3099.89 1491.12 1081.85 4295.96 6221.49 5696.77 3902.82 3929.4 2625.25 1000.55 -615.871 -1407.05 -3640.31 -5770.77 -4585.26 -2859.16 -2461.33
1102000 -946.552 -900.299 -342.675 1535.99 4908.21 5361.61 5679.49 4529.38 2929.84 2217.18 5392.11 6439.37 6304.84 7883.66 7705.13 8772.39 6768.74 8760.25 9131.17 10670.7 9470.53 1834.97 1211.48 3483.56 3863.16 4433.76 5903.61 -200.762 -2799.43 -5305.49 -8506.91 -9826.85 -9294.6 -10120.1 -8758.87 -9412.03 -12173.1 -7800.3 -7551.88 -7293 -7776.09 -8527.93 -8316.02 -8928.39 -7876.2 -2381 -2111.7 155.125 1187.68 -238.812 976.808
1104000 3829.02 800.081 -146.702 -1017.15 862.109 1485.83 -209.875 1234.46 2093.23 995.507 1305.76 1729.92 1410.84 -699.328 -4097.74 -3043.58 -2813.87 -6241.85 -7867.07 -10195.7 -7805.42 -4537.79 -921.993 -3228.92 -3069.35 -7565.91 -7992.06 -6879.26 -6519.59 -5833.72 -1858.6 160.925 3341.57 3943.13 3591.9 8941.67 10456.7 7055.33 2234.54 855.352 1480.14 1782.66 4213.46 5968.97 7137.05 5500.13 4822.59 4050.87 3955.21 2739.21 701.599
1106000 -7105.37 -3684.93 -1995.45 21.3685 -4517.32 -6181.05 -5369.87 -7512.15 -7718.99 -5967.4 -6513.76 -8196.66 -7623.68 -6398.48 -3097.53 -3970.84 -3841.6 -1148.7 -15.5547 -1682.07 608.709 869.195 1479.22 211.418 -176.895 747.461 3881.69 6685.08 11392 11410.1 10975.9 7772.23 8070.35 7065.68 4864.66 501.288 -1438.77 3141.15 3603.27 7512.31 8263.24 6370.96 3266.79 1874.49 342.028 -3092.97 -4308.57 -6126.97 -4707.71 -2737.51 3828.76
1108000 7012.68 3049.05 2239.45 2102.19 4151.58 5274.71 6434.42 6442.67 4799.47 4162.23 5634.32 8757.17 6799.04 7634.53 6289.55 7969.14 8715.46 5482.25 5663.96 8148.05 6937.27 3063.1 2190.8 460.043 4102.35 3185.47 2433.5 1807.38 -4002.45 -8174.69 -8740 -8730.64 -10207.8 -8822.85 -9889.58 -10795.7 -10489.9 -9509.77 -8828.3 -7627.9 -9078.4 -9926.11 -8587.3 -8523.68 -6320.52 -2422.38 865.463 2221.96 1377.03 1043.92 -1133.47
1110000 -8985.65 853.794 -483.809 -3246.78 -1095.94 437.577 1578.02 2472.89 4853.72 3942.41 262.237 552.655 -1083.93 -2502.91 -3520.92 -2628.6 -4128.47 -6096.1 -6120.22 -7878.2 -5024.73 -5974.03 -3118.87 -3192.84 -3752.25 -6380.11 -6516.05 -8889.29 -7373.19 -2461.58 -2574.27 -540.894 1668.95 2373.37 4532.8 8074.8 8848.74 8575.71 6210.27 2206.45 2488.5 1848.7 2779.04 7983.76 8054.92 5757.38 4264.84 4392.72 4886.36 3044.08 13569
1112000 -481.25 -3643.69 -1707.15 -474.037 864.234 -5564.75 -7590.62 -9208.83 -11166.8 -8504.53 -5710.89 -6976.92 -7386.11 -6139.86 -4337.48 -5820.77 -5796.43 -984.347 -837.704 -898.222 -1609.13 472.263 1549.76 1276.68 1516.86 1033.62 4102.07 7054.18 10332.6 11116.2 9471.23 9692.11 7754.51 6241.7 4332.07 2738.41 1376.59 311.012 2693.55 4813.07 7200.84 10220 7634.29 707.887 -1239.84 -2873.36 -5483.16 -5796.33 -4012.51 -3312.17 -5114.74
1114000 5877.53 -194.111 1421.91 473.378 884.77 3480.75 4268.93 5506.33 8843.14 6023.3 3834.59 7638.34 7566.27 7874.99 8672.27 7743.21 9689.19 8728.53 6334.09 8269.17 8368.69 5220.94 5120.11 2715.01 2441.85 4651.34 4083.28 2939.86 -4297.69 -7198.39 -9203.78 -8368.43 -8027.83 -8262.9 -9726.19 -7638.27 -8537.24 -8563.48 -7158.41 -7843.8 -8325.52 -11657.5 -11875.4 -8243.33 -5659.06 -4146.62 381.121 -308.303 -2677.32 -1951.45 -4576.98
1116000 -1363.59 2339.81 2329.59 115.251 351.629 880.512 3277.89 4272.14 2877.33 3192.44 980.264 -1920.7 -1411.34 -867.265 -2167.65 -1905.88 -3830.97 -6353.8 -6189.87 -6973.4 -6639.46 -5751.17 -4826.19 -4163.72 -1994.84 -4336.7 -5372.16 -7781.76 -7042.17 -1756.09 -932.881 -1513.06 503.807 2412.46 3055.39 3969 6954.23 7257.73 3972.61 1544.5 -91.5736 -1576.1 597.331 5692.33 7124.64 4884.73 3422.03 2465.61 3497.33 1645.09 3447.4
1118000 -1106.36 -2642.94 -404.811 -2114.68 -2853.75 -4503.36 -6168.17 -11188.2 -12445.1 -7854.64 -6787.2 -5193.24 -6529.74 -7776.64 -6844.82 -7238.33 -7287.69 -2792.28 -859.015 -1638.22 -1140.74 -744.56 366.095 -270.574 -251.351 -679.36 1619.5 3998.46 7662.39 8388.53 8876.07 8807.6 5527.58 5487.53 5095.81 3314.62 1508.5 1527.51 2819.98 5827.21 10365.6 12364.4 10859.2 3829.53 -2380.42 -3648.12 -2316.25 -1169.45 1.81199 1706.41 -1040.42
1120000 6839 -257.336 196.246 951.982 2290.32 2674.76 1942.23 6002.37 7738.65 7483.03 7081.36 5870.47 7820.53 7873.82 7941.42 8562.62 9686.78 8839.37 7173.78 6018.1 7114.98 4707.67 5277.09 4956.26 3353.37 1310.51 544.958 763.168 -3568.76 -6430.37 -7627.34 -6934.42 -7926.42 -9646.2 -9358.43 -7034.61 -6057.45 -8749.06 -7437.15 -7568.17 -8983.26 -9696.62 -8221.35 -8642.28 -6472.03 -3797.36 -2677.48 -801.098 -1439.09 -2762.12 -6622.73
1122000 3399.45 2193.42 1898.71 -786.809 -626.809 1523.85 4179.12 5878.32 5910.94 1992.92 430.84 -3391.82 -4500.56 -961.197 464.44 -2088.02 -3767.95 -4414.67 -6735.03 -6455.61 -5876.7 -5331.98 -6756.52 -6055.51 -2993.76 -405.343 -1622.83 -5785.15 -4017.89 -1910.4 -769.626 -2041.48 2303.81 5305.56 4288.24 5077.03 5658.72 6135.5 4373.81 3116.12 431.541 -2220.4 -1816.51 2632.05 7246.52 8881.68 4969 2362.45 1667.35 406.852 -4204.21
1124000 256.864 -1545.32 -306.319 169.019 -1239.87 -3529.59 -6461.69 -8978.91 -10260.9 -12522.1 -8398.11 -4658.61 -3649.58 -6137.66 -9368.4 -7462.06 -5823.01 -2894.46 522.538 1248.59 -1216.83 -495.175 58.4106 578.611 -210.217 1070.07 2961.22 5821.9 5632.87 5685.44 8198.02 8783.48 7600.42 4684.81 4153.52 2217.73 946.37 2092.55 2084.94 5232.27 5637.01 9439.86 10357.6 5043.86 -1003.18 -3191.86 -3690.49 -1006.39 -232.807 107.71 -486.562
1126000 13070.9 -332.479 408.254 1313.22 1254.14 1731.7 89.2417 1322.81 6781.34 11385.5 11392.4 10252 8987.62 8793.56 9467.45 11679.6 9833.73 8022.43 7242.52 6304.55 6754.92 6487.94 7112.07 5737.81 5272.99 1672.01 -3438.05 -3644.89 -3562.12 -5172.54 -6359.12 -8667.91 -11653.4 -10515.1 -9051.98 -6842.41 -7171.94 -8058.36 -8834.67 -8519.34 -6175.84 -6659.83 -7638.62 -6436.06 -7140.19 -4730.05 -3562.48 -2216.48 -1618.78 2471.17 -11842.4
1128000 -115.061 852.458 806.877 -288.782 464.262 1447.92 5276.35 7355.66 4112.88 1354.1 -4025.54 -7195.42 -6310.45 -4631.16 -1385.95 -1621.08 -4355.67 -2781.27 -6882.54 -8476.89 -6934.73 -5125.8 -6710.95 -6960.72 -5586.24 -2246.08 -215.709 -1018.61 602.888 -1862.44 -3473.05 167.304 5055.42 6871.04 4176.55 4840.81 6870.19 7332.32 4416.29 1958.66 2165.99 -932.305 -1206.76 275.708 4729.4 7993.49 4948.4 4423.32 -228.818 -1547.66 -1418.22
1130000 -2764.52 -2173.7 -2868.02 -2909.19 -2525.25 -4393.89 -8213.01 -8149.24 -11018.6 -13351.8 -11077 -5810.3 -3441.64 -5548.94 -7247.77 -7964.24 -6767.93 -4918.07 -3802.97 1802.92 3143.27 -2036.98 -1989.49 1570.94 2377.77 3664.83 5272.33 5798.13 5348.51 7114.86 9447.13 10213.6 7183.01 5883.54 6030.73 3670.12 538.051 1988.99 5096.23 6792.95 5781.47 7847.29 8631.45 5363.15 -104.247 -2039.37 -3538.73 -3848.89 -177.135 -573.031 2192.2
1132000 8577.28 2004.83 3477.08 1984.88 1317.04 2788.69 1890.98 4844.03 6511.98 11363.1 12667.1 12609.2 9183.21 8074.49 7299.11 8322.05 8462.21 9698.21 7753.4 4269.99 5666.15 6980.33 7024.38 5302.38 4248.4 -724.462 -6303.55 -8711.29 -7780 -4335.69 -4676.67 -8516.27 -10192.2 -10782.1 -12893.6 -9126.91 -8960.74 -8546.07 -10053.8 -9991.38 -8100.92 -6782.35 -8207.28 -7830.37 -5121.77 -3830.35 -3506.53 -1908.23 -44.7512 257.843 -6179.79
1134000 -946.932 -2382.96 -1273.11 292.978 1329.12 2039.66 3548.36 4533.24 5079.86 2199.45 -3489.09 -3767.39 -3174.84 -1502.93 -621.136 -1279.35 -2700.88 -2409.08 -3423.51 -6810.59 -8048.09 -5518.52 -3373.09 -6579.27 -5472.64 -2595.4 -2443.17 1868.54 824.687 -2988.1 -5237.26 -3736.38 -8.5706 3932.85 6185.87 6647.48 8983.7 6021.36 2764.41 3006.16 2159.21 -318.419 1274.79 2521.23 3297.15 5573.6 5583.71 6204.62 3093.96 1254.22 -2134.37
1136000 -6186.12 670.092 -280.632 -589.308 -1905.34 -2306.44 -5341.87 -9703.58 -10589.4 -9244.55 -10061.7 -8533.38 -7483.68 -6935.82 -6117.49 -5100.11 -5729.95 -7816.42 -4710.84 -47.6843 1562.77 -2739.02 -4511.59 -1529.76 813.156 4167.18 6435.46 7706.23 6925.93 7072.24 9552.38 11227.2 9085.57 5097.38 5048.47 3239.92 -2023.24 914.106 4917.65 6857.1 7579.04 6755.73 5138.87 1279.45 2615.47 779.717 -961.138 -4002.49 -3253.14 -291.68 10874.2
1138000 3005.27 2716.12 2056.63 -2975.43 -2834.17 -2292.46 407.379 6502.57 6111.58 7581.71 11631.2 11497.8 10710.8 9115.22 6155.06 6461.58 8510.03 8748.35 9167.77 7589.49 5279.36 8081.79 8277.9 5429.5 4283.83 -579.866 -5830.9 -8200.25 -7798.61 -4526.3 -4529.65 -5372.34 -6923.82 -7590.47 -9724.35 -10994.1 -7673.42 -4764.49 -7025.81 -10534.8 -10044.1 -8207.24 -5855.51 -3375.39 -4052.66 -4813.16 -5443.35 -1390.22 14.6441 -1191.26 -4840.72
1140000 -2916.09 -3446.01 -3884.81 389.558 6135.71 4928.98 4605.76 2299.17 2771.99 -182.009 -1052.99 -677.288 -2076.02 -1306.04 -78.4086 -475.77 -2849.86 -1223.71 -5179.07 -5886.32 -5208.16 -5973.85 -6328.43 -5228.54 -5296.37 -2066.09 -4.79199 -432.039 -688.162 -1423.17 -4449.98 -4243.39 324.939 2356.91 6251.85 10764.3 5245.62 1168.44 1020.13 2787.85 1371.22 1595.51 2103.77 1497.81 2553.2 1924.63 4656.7 4907.03 3752 2666.48 1600.98
1142000 -1055.79 2840.99 3541.29 822.252 -1830.55 -5086.79 -9398.71 -9187.19 -10295.5 -9408.36 -10045 -9872.75 -10304.9 -8912.02 -6685.62 -5575.2 -3601.74 -4006.03 -5772.33 -3559.88 -2902.86 -1609.64 786.804 1831.71 992.437 2829.26 7497.42 9513.17 8998.18 6657.49 8984.47 9062.32 6501.54 6629.68 4073.33 1428.21 754.942 2939.85 4754.19 8944.95 8466.71 6571.5 4443.47 1236.99 558.919 3067.44 394.447 -4421.66 -4013.83 -2759.89 677.007
1144000 5522.28 789.816 142.508 -3742.07 -3204.1 1879.6 2904.48 6244.6 6665.31 9971.94 10713.1 10493.5 10782.8 9636.81 5561.09 4487.06 5435.74 7850.08 11207.9 9445.79 8964.54 8599.08 7125.22 4858.99 1696.64 -1169.58 -6752.71 -7991.67 -6498.51 -5548.33 -5939.99 -5960.59 -4563.65 -7957.64 -10251.7 -9679.93 -7806.58 -5435.31 -6518.05 -10105.6 -11596.6 -8671.21 -9163.16 -4479.65 -2320.8 -6383.43 -5334.78 -2887.81 -933.591 1043.78 201.053
1146000 3831.53 -3619.99 -3828.85 746.903 5050.75 6098.92 6473.98 4471.19 -203.366 -17.3983 -309.736 -1094.47 -1635.03 -1659.35 -1718.12 694.97 -2304.5 -3505.05 -4053.52 -5606.65 -5572.66 -6657.51 -7374.33 -6923.53 -3776.87 -718.403 -1127.66 -1432.25 -342.259 -2106.01 -3999.53 -3332.2 -3268.12 -461.549 5954.31 7319.11 5019.52 3593.53 1112.21 2456.95 1787.2 928.647 2959.17 4422.55 1450.34 2748.04 5806.96 4171.02 3117.43 2237.69 -3730.57
1148000 -6902.56 2726.34 5349.19 4217.99 -2254.67 -6397.67 -9536.21 -9946.06 -9179.42 -7882.05 -9721.47 -9823.61 -8797.03 -7038.23 -5512.87 -3206.19 -1559.79 -3420.1 -6978.07 -7535.81 -4437.04 -3018.64 1298.95 1181.61 -1183.89 2666.49 5652.41 7888.37 7515.56 9075.22 8213.53 7922.08 7111.5 7314.57 3419.8 2435.57 2378.32 4033.36 6445.05 7834.49 7887.44 7210.93 5387.05 859.53 1239.74 -491.707 -2290.91 -1804.75 -2422.94 -4074.44 2689.15
1150000 -1709.35 93.5582 -2988.67 -4680.09 -2265.92 1232.81 5047.43 6380.11 8018.5 10309.3 10904.7 9124.23 8986.26 9988.3 6088.68 3643.53 3362.86 6938.47 8965.09 10492.7 11235.9 11111.1 6934.45 3741.36 1135.26 -1482.03 -4189.34 -5557.01 -7716.86 -6607.98 -5661.44 -5906.66 -4380.62 -7351.05 -9745.69 -7469.79 -9221.73 -9929.83 -10774.5 -9716.7 -8565.76 -9056.5 -5632.58 -5220.44 -2572.74 -1519.27 -724.421 -2577.81 329.098 2344.15 5318.35
1152000 2122.31 -2290.27 -3172.23 -349.245 3390.09 5498.27 3152.88 635.012 -2158.21 -1914.93 -1909.82 -455.053 -797.047 -715.272 218.986 -14.603 -2690.44 -3242.78 -549.403 -2941.25 -5469 -9946.02 -8786.43 -5167.76 -922.44 -51.4932 -1482.08 -1869.47 -3484.2 -1627.33 -1690.46 -1492.73 -1112.01 795.328 2146.22 4828.54 4803.31 3875.43 4668.19 2463.08 1251.37 -102.191 2201.19 2001.56 1847.29 3304.63 3524.88 1816.29 2897.9 28.6974 -2248.07
1154000 -3805.55 1920.38 4925.47 2853.29 -3577.37 -6148.85 -6084.99 -7049.75 -8583.38 -7100.2 -8422.64 -7923.46 -7743.62 -8694.09 -5931.6 -2307.82 -2073.98 -4662.72 -7704.12 -7872.65 -4664.2 -3004.69 -191.006 1851.44 696.367 3551.37 5952.76 7164.14 9258.16 9692.88 8650.74 6934.74 6510.33 7499.24 5151.92 3794.23 3672.71 6890.64 6708.5 4898.96 5852.03 6048.27 4492.4 3164.07 1376.24 -2969.73 -910.439 -2.96643 -1296.56 -4612.77 -2311.95
1156000 -1977.47 -2561.94 -3039.38 -1762.26 -482.756 -0.289908 1436.94 4842 7615.98 10110.6 10824.1 8605.77 6978.17 8185.86 6061.95 4371.98 4176.68 5645.05 7743.64 10820.3 12948.3 12122.2 7615.49 2803.26 -533.65 -2688.18 -4103.19 -3949.01 -4639.11 -6786.14 -5545.52 -5751.25 -9045.7 -8107.41 -5983.3 -7153.75 -9017.27 -11701.2 -11907.5 -8434.4 -7208.01 -5115 -6106.12 -6034.99 -3211.56 -1995.3 -1579.43 -916.126 -787.748 2435.29 7299.9
1158000 31.0612 -357.228 1637.72 2920.81 3557.89 4746.27 2114.32 2225.81 1951.16 -580.063 -833.053 311.581 1430.9 984.716 -191.691 -3053.5 -4134.97 -877.123 193.506 -5355.52 -8508.81 -10205.7 -7954.34 -3697.11 -1145.93 -1925.77 -566.355 -2369.65 -4005.39 -5195.36 -3989.69 -2529.33 1024.17 528.521 -1186.05 515.271 4212.39 3918.22 4989.08 3048.21 987.013 429.287 943.162 1618.99 4639.53 3011.46 2068.23 2355.89 1808.15 1766.31 5225.51
1160000 -5404.85 337.875 481.303 -4282.61 -3487.76 -3227.94 -5122.7 -5653.09 -8598.98 -9405.5 -9606.5 -7795.62 -9053.44 -8826.54 -6456.92 -3207.57 -1898.64 -4624.49 -7242.55 -7198.03 -2956.55 -3313.05 -2103.61 2202 3323.06 3671.76 5297.99 6507.9 8145.36 10417.9 10139.1 7806.51 7019.87 7190.03 7622.58 5446.1 6927.07 8946.34 4542.86 5561.68 4799.96 4041 6349.21 3767.64 554.429 1297.39 -108.873 -2266.05 -1853.86 -4854.63 -1840.86
1162000 -1649.55 -1856 -697.53 -1638.53 -2025.09 -1847.74 1625.98 3004.25 6947.16 10289.3 9752.48 8685.28 6541.82 6737.21 6120.05 6291.3 4609.54 6335.96 7307.89 11025.1 12582.7 12769.1 8256.76 2610.84 814.011 -3517.67 -5213.79 -4922.02 -3364.5 -2520.52 -6202.02 -9476.11 -8927.12 -5959.8 -6972.92 -6380.08 -11958.7 -11080.6 -8457.87 -7354.75 -5359.48 -3562.06 -5552.27 -6084.41 -5921.78 -5356.56 -2646.15 900.047 103.703 2179.98 2588.63
1164000 10748.2 3078.3 2810.4 4575.72 6996.21 5158.76 3237.24 3371.84 652.334 -1436.78 -1424.23 -1291.2 1228.64 2327.17 -1509.48 -2588.26 -2635.82 -1468.51 -1825.7 -3798.33 -9751.59 -9677.29 -6088.19 -6690.5 -4303.95 -2.28659 485.134 -1240.59 -4600.24 -7517.78 -3346.68 1378.68 2130.06 -840.657 -1681.18 -515.319 2040.36 3707.68 3175.6 1704.36 1943.86 545.996 -1.12418 1643.44 3074.89 3744.44 4854.03 2456.87 577.685 1569.27 -4499.6
1166000 -1735.52 -1815.05 -3108.41 -3181.98 -3320.08 -3898.7 -4430.57 -6706.04 -6694.9 -8354.04 -10831.4 -10398.7 -8055.96 -6297.08 -3620.05 -3716.32 -3758.96 -4661.06 -6534.46 -5334.24 -4084.99 -3409.25 -1995.92 1608.64 3609.6 5307.89 5529.8 5042.39 6826.18 8734.83 8689.77 8330.99 6429.06 6687.15 7974.7 8758.68 8386.74 6290.91 5036.37 3780.2 2659.44 1816.63 3232.8 3803.91 6315.77 2595.33 -2258.92 -3629.2 -3674.71 -2717.14 -1813.63
1168000 543.075 -2389.45 -582.872 -1669.71 -2535.84 -650.745 1247.43 4450.31 6872.85 8206.08 11173.5 12086.1 6986.69 5865.91 5053.13 4470.39 5811.02 7644.98 9407.16 10953.5 13120.1 13426.4 7861.95 3430.94 1132.11 -3590.99 -4365.11 -4381.04 -2619.25 -2947.63 -6065.59 -8913.06 -8930.98 -6935.9 -6146.94 -10183.1 -11041.7 -11772.5 -10085.1 -7750.6 -5237.93 -3382.21 -4469.3 -7059.01 -7453.16 -7453.49 -2572.06 1783.09 4491.58 2998.29 -4598.28
1170000 12674.7 4012.65 4051.37 4169.07 3803.68 1851.75 435.42 1682.49 2405.35 256.757 250.561 403.869 -1760.52 -2343.59 -815.557 -67.6959 -1540.18 -1994.56 -3010.97 -7249.99 -9581.46 -8805.08 -7159.54 -4332.27 -5091.62 -4168.43 -2258.23 -3646.37 -1563.12 -2960.42 -2694.89 -272.788 1619.62 -1239.57 -2418.91 -281.426 4421.93 2699.97 5429.86 6371.39 3948.01 2824.87 2422.8 768.11 283.879 3833.67 3617.52 2104.35 -208.106 -10.7986 -6841.55
1172000 -842.959 -4887.76 -4607.14 -3455.34 -2048.39 -468.843 -1970.07 -5395.9 -6817.1 -8845.36 -12915.2 -12156 -8366.52 -4907.06 -3833.07 -5837.41 -6510.22 -5269.91 -5236.35 -6106.16 -4673.61 -4896.93 -1796.63 2195.73 3526.84 6369.82 6088.92 5414.95 6627.17 6364.74 6296.28 7402.82 8421.5 8923.29 10702.9 11363.4 10217.4 7646.49 5692.04 1697.58 859.562 1058.17 507.72 5507.11 6803.42 3360.47 -2541.66 -3212.24 -3654.12 -881.319 -4157.08
1174000 -2054.91 3284.76 785.04 621.803 -645.827 -839.106 1546.91 3345.09 4577.92 7195.6 8585.92 11868.1 11379.8 6140.01 3496.49 4127.53 8804.86 7746.16 9609.5 13664.3 13270 11768.5 9830.28 4110.91 245.581 1794.2 -1533.08 -3154.3 -3830.83 -7619.64 -5719.77 -6504.13 -8480.68 -8761.97 -9566.88 -13898.1 -13987 -11922.8 -11530.6 -8337.44 -5447.45 -3494.96 -3652.24 -6111.07 -8159.02 -4427 -2980.77 2205.44 1896.75 622.192 2959.08
1176000 -544.841 3043.36 4030.26 5038.03 4076.65 562.869 1872.56 1808.62 3612.04 4487.96 4190.24 2145.99 -869.04 -806.316 1185.22 1458.17 -1075.69 -4418.63 -5085.52 -8554.21 -8776.76 -7640.28 -8052.31 -5496.08 -4913.77 -7467.04 -8271.82 -5857.05 -2100.05 1511.48 -246.548 -3770.54 262.788 -434.014 -325.83 1922.78 4023.9 2606.05 5169.82 6812.47 4853.3 4247.77 1160.62 538.524 2226.1 1188.98 1303.1 184.401 -608.396 899.773 5220.59
1178000 -3401.78 -5030.72 -7167.82 -7750.1 -3783.3 -1852.68 -1590.74 -4225.8 -8193.81 -12745 -14699.6 -13094.6 -9427.6 -5680.5 -4694.53 -5855.38 -7162.44 -5483.31 -4105.95 -4594.59 -2588.48 -3323.51 -794.514 2966.65 4721.54 7743.51 9723.01 8930.22 8360.4 5448 5089.15 7623.65 8855.89 10623 11147.6 9684.78 10881.9 9559.9 3969.23 1300.8 -849.204 743.262 4294.53 4596.9 3116.71 4957.31 1243.5 -1177.22 -680.334 -2765.62 -6777.87
1180000 5737.98 907.701 2150.68 2817.87 2291.78 1834.17 2376.69 2104.14 6043.11 8114.36 8738.01 10710.2 9345.43 6344.3 5026.5 5962.3 6858.52 10911.2 10312.8 10679.6 12318 10312.5 6647.21 5252.85 1191.97 -372.267 -612.695 -3502.26 -8055.02 -5902.43 -4232.02 -6874.95 -7724.03 -9955.27 -12683.2 -12227.8 -13237.2 -12107.2 -11274.2 -7411.82 -4009.85 -4682.43 -9106.47 -8168.67 -4442.08 -2881.78 -1865.01 388.847 1013.95 1267.1 -683.674
1182000 -12222.1 3679.04 6245.94 6042.67 2531.87 -415.793 -2281.41 2367.93 3595.12 3601.15 5140.38 3609.49 409.693 517.133 -1254.09 -463.755 159.511 -4656.6 -5010.57 -7436.52 -8691.02 -6631.01 -5044.15 -7104 -7717.42 -9119.76 -10839.3 -7249.35 477.224 -1.39685 247.533 -142.499 -1890 64.1968 71.6426 1081.61 1928.38 4968.91 6226.78 7493.99 6401.06 4681.3 4846.19 3983.18 1643.03 65.5205 -250.697 -343.425 144.562 962.802 16356.9
1184000 -5653.24 -5338.03 -8881.35 -7185.18 -5724.75 -2302.99 -1531.61 -6326.39 -12065.3 -14036 -14267.4 -13935.9 -9533.64 -7251.22 -4997.98 -5323.75 -7194.19 -7930.31 -4186.82 -3146.08 -1578.2 -1099.23 -396.009 3683.54 7090.74 9354.63 12096.6 10727.1 8186.28 5931.51 4880.93 5560.87 10192.3 9497.06 12883.4 11502.6 8783 7259.07 3597.95 -387.444 -766.985 838.33 2208.57 1918.35 1585.65 1665.36 1823.91 1166.93 -1611.42 -4439.54 -4507.84
1186000 7142.33 2799.97 1240.44 2668.43 3799.64 3158.7 2473.27 4975.1 7722.5 9670.04 8659.74 7808.11 7307.73 6775.91 7538.7 7030.93 8834.95 9405.51 11275.2 12039.7 8607.29 5379.7 4701.59 2918.79 1631.73 -618.688 -2304.42 -4657.63 -7147.43 -5632.52 -3770.13 -5278.89 -8362.63 -11873.4 -12635.8 -13565 -12296.7 -9378.42 -8332.26 -6845.43 -7968.34 -8779.7 -8529.35 -5696.77 -2138.22 -1706.08 -3097 -3163.89 -9.35804 530.086 -4178.79
1188000 -672.28 3583.03 5575.84 4420.65 1829.51 -1868.45 -1928.4 1138.62 3222.04 1884.31 4348.32 3626.46 723.51 -446.459 -2402.03 -4494.35 -4320.18 -4206.46 -5684 -8361.83 -7069.97 -4138.01 -4793.89 -8815.72 -9771.98 -12031.6 -9421.59 -6119.64 -1197 -64.7795 111.893 517.626 2084.98 820.462 314.492 3608.28 2372.65 3662.08 5096.81 7649.82 8387.72 8556.45 7780.02 3728.32 697.768 -1957.03 -834.855 1215.51 2455.43 2247.8 6319.68
1190000 -3809.31 -5775.08 -7241.41 -5972.41 -3955.02 -2018.22 -3658.55 -8240.74 -11904.4 -12366.5 -10259.5 -9939.2 -8300.83 -7528.26 -4085.71 -3054.72 -4135.46 -6865.46 -6645.16 -4875.23 -1855.57 431.634 1147.97 4733.52 8301.76 10837.4 12289.5 9707.62 8423.54 5268.32 3299.67 4612.01 4976.95 8949.26 13235.3 14290.2 7954.54 6178.24 2642.59 501.93 1664.8 77.7196 1519.98 -69.6223 907.107 2882.94 3452.05 1267.98 -885.075 -2957.47 -6262.16
1192000 5193.81 3075.7 2482.94 1979.59 2751.67 4673.13 5547.27 7372.19 10333.4 9901.23 6179.91 4338.55 7163.51 6836.46 6113.66 7796.13 10353.2 11386.6 11685.3 13017.5 5924.38 3622.08 5823 5929.2 1188.2 -930.339 -2938.07 -4366.08 -6043.27 -6586.33 -4447.22 -6370.51 -9916.51 -9533 -14248.9 -16569.7 -12484.8 -7458.51 -7505.56 -9629.28 -12217.4 -10516.5 -7574.03 -5648.31 -967.948 -1151.66 -412.118 -1398.88 -1697.79 -688.138 -5872.31
1194000 2560.23 4066.69 2237.07 3789.67 852.993 -665.212 935.83 508.25 -361.309 1497.49 3896.47 4330.82 2757.05 1334.4 -1891.8 -5345.64 -8181.25 -5616.09 -6201.95 -6853.81 -4246.74 -2788.29 -7673.07 -12439.9 -13156.5 -8753.82 -8610.1 -6544.73 -3144.62 -651.89 1441.6 2780.81 5098.17 1658.2 1228.45 3974.59 2941.4 240.232 4370.96 9901.1 11199.3 11021.4 6639.81 5634.2 735.517 -3624.73 -779.261 1073.82 1585.8 4105.09 6238.03
1196000 -2178.66 -5980.17 -5346.55 -5738.39 -3835.29 -5529.42 -6950.88 -7883.76 -10836.5 -12131 -9874.26 -12878.5 -10346.7 -5235.12 -4352.37 -2664.76 -3163.4 -4128.77 -6586.22 -5039.91 -3570.26 -1381.89 4542.5 7199.49 8176.37 10465.8 10953.8 9798.26 8437.15 6329.39 5117.12 3944.37 4765.41 7310.02 10835.9 11670.7 7969.97 7953.72 4518.53 797.385 1186.27 -777.558 918.95 970.732 1576.01 2363.02 2547.89 -967.979 298.139 -1551.62 -10264
1198000 -4893.39 -489.116 1474.79 2122.63 3979.51 6354.94 6405.13 7092.12 10705.7 9221.32 7490.43 8056.07 7249.64 6334.95 7064.25 8958.86 10141 12429.2 11079.3 11641.4 9092.57 3985.22 3791.4 6113.22 3123.08 -650.548 -1837.43 -3553.96 -5823.49 -6202.72 -5876.42 -7414.53 -9408.35 -9270.81 -13685.6 -14129.6 -12764.2 -9291.87 -8495.13 -10647.5 -14031.2 -13336.1 -8802.99 -7459.74 -1234.31 -594.891 -1078.36 -377.3 -2390.09 -2541.56 1973.56
1200000 7221.01 5325.77 3407.34 1479.58 1684.86 2096.14 527.085 1014.74 -1866.9 206.645 4200.16 5337.95 2470.56 1159.56 -1790.05 -7830.29 -8602.05 -8065.38 -5519.8 -5329.9 -4225.18 -4493.12 -9158.93 -12778.7 -12152.6 -9658.43 -7779.11 -7461.51 -1789.17 65.536 181.032 1886.67 2763.13 2565.06 388.392 1869.15 4181.18 3170.21 3960.65 11212.4 14676.2 11406.4 9981.29 4238.27 -89.3924 -1315.08 374.797 1350.24 2570.11 5979.35 4266.11
1202000 -3541.9 -3778.19 -2861.04 -1964.26 -3236.25 -8921.32 -7762.36 -8966.36 -9067.24 -6950.89 -11817.5 -12518.8 -8806.09 -7453.07 -5512.36 -3006.11 -3609.44 -6625.91 -6728.82 -8815.9 -6423.05 974.351 5882.31 8867.19 10012.1 8393.97 9644.57 9686.48 6832.97 6351.98 6522.45 6452.22 6736.72 8492.49 11371 10527.6 7649.04 8642.08 5613.21 2095.87 -999.413 -1659.74 256.288 863.067 2708.41 3222.56 1813.44 -2193.99 -4739.95 -5561.7 -6154.85
1204000 -292.549 -3132.25 -312.792 -192.938 4220.78 5915.43 7522.93 6403.86 7472.9 7541.01 6793.74 7219.02 5962.87 7498.18 7457.48 10037.3 12762.5 14369.7 13762.2 14501.7 11354.6 7528.49 5749.96 3419.04 3643.22 1544.46 -1984.62 -2153.81 -4638.58 -7434.29 -6734.3 -9492.66 -10049.9 -11415.8 -11452.3 -11718.6 -12916.9 -11596 -13007 -11902.1 -11895.1 -11783.4 -10628.1 -7231.63 -4349.93 -3298.62 -390.207 678.444 150.305 -654.543 -4133.58
1206000 15286.1 7060.13 2961.39 2942.7 900.063 1521.76 2381.97 2286.95 -399.249 2193.62 3566.7 5528.88 2194.52 -530.05 -2810.29 -7410 -9440.16 -7194.57 -7702.53 -6247.97 -5512.63 -6985.85 -10801.7 -13431.3 -14063.3 -11264.3 -8410.19 -7355.1 -2438.26 244.465 -208.643 785.439 2400.77 1902.01 -47.7266 1052.33 4912.4 7803.54 7084.08 9976.58 11851.9 12302.2 10990.6 3028 95.764 -1356 -1376.11 1467.37 4592.34 5306.74 -30.5676
1208000 -6842.48 -4385.84 -1967.92 -1475.68 -4888.92 -8207.12 -9936.81 -8474.77 -7196.19 -9525.94 -9946.64 -11136.6 -11294.5 -7349.69 -5639.62 -4360.19 -5622.34 -6545.58 -7773.72 -7312.65 -5187.42 -1648.17 5543.47 11099.1 10718.1 7802.1 8820.29 6666.62 7482.38 8449.68 8199.79 8296.76 8713.38 8953.49 9657.46 10846.6 7142.72 6972.31 7202.71 1742.68 -1714.02 -2074.44 1968.02 2281.83 4031.7 3870.53 388.409 -1917 -3578.44 -4801.24 -3481.05
1210000 -2806.12 -1333.59 -1620.73 234.004 3630.65 9156.79 8118.63 6210.33 5798.01 4794.88 6716.28 7595.1 8272.68 8868.77 10414 11324.9 13673 15306.3 12088.4 12506 12911.3 10830.9 4455.84 2440.31 2903.12 2932.33 1661.95 -1067.16 -4928.95 -8102.91 -12214.4 -12136.8 -11199.2 -12207.9 -10972.4 -10067.1 -11022.4 -16199.4 -14911.2 -12406.7 -10162.3 -9292.71 -9327.76 -6784.17 -3267.02 -1131.07 1594.78 2759.33 107.208 -1927.76 -3427.78
1212000 6677.01 5857.86 4985.48 4242.04 1343.89 -416.365 3117.11 4446.98 4276.89 4513.66 3060.5 2473.91 2752.42 -803.302 -2611.56 -6849.34 -9653.56 -8273.64 -4745.37 -6326.65 -10515.5 -11070.6 -8941.45 -14188.6 -14301.2 -12338.1 -8569.42 -3911.56 -760.972 1706.65 3082.84 3833.43 905.583 2168.39 -122.935 -600.84 3862.88 6854.47 10001.2 9514.42 9823.37 11216.1 8603.16 3906.67 256.996 -2134.57 -4174.46 -1034.72 2785.07 5323.68 8890.91
1214000 -10132.2 -3994.66 -4558.6 -5464.52 -7011.86 -10351.4 -12365.5 -12266 -10042.6 -7826.16 -8703.02 -10314 -10375.5 -10109.8 -8136.5 -5698.38 -6505.81 -7367.03 -7039.72 -5584.6 -1500.27 428.692 5429.9 10193.1 12131.6 10656.4 6007.13 5812.08 5890.25 6429.88 8492.93 11694.3 10134.9 9480.66 10568 9691.15 7764.42 7974.14 6748.89 2433.06 1503.47 -380.145 -1772.14 1781.07 3166.74 3209.14 841.829 -2543.21 -6091.7 -6154.07 -716.197
1216000 -2789.5 -3882.56 -1299.09 1935.19 6176.72 9135.54 10135.1 7072 4642.22 2459.47 4485.33 7214.06 10674.6 10893.8 11304.6 12949.6 14375.7 14686.8 14327.5 12166.6 11504.5 11269.2 7724.28 3266.64 4571.24 3664.64 2491.36 1194.06 -4262.15 -9688.11 -14273.3 -15138.5 -13580.2 -10464.6 -9082.82 -9706.27 -10958.8 -15618.5 -17081.5 -15254 -12296.8 -9304.8 -5041.87 -4515.76 -4381.42 -1195.16 2092.61 3920.21 2605.91 -1771.58 -6837.75
1218000 14623.2 7863.92 5958.63 3090.15 1145.74 795.525 1763.89 5194.46 8038.77 5337.58 3422.18 2883.21 -3279.61 -3370.94 -1774.01 -7319.65 -7504.61 -6941.07 -7123.75 -7808.39 -9314.45 -13371.7 -11930.8 -15376.2 -16456.4 -14128 -9640 -6572.21 -1153.83 4365.19 6298.65 3451.76 28.9377 -3185.64 -1497.08 -449.6 2706.55 8329.64 11349.8 12127.3 10001.4 8602.88 7395.48 3968.2 128.353 -1754.5 -3121.98 -1957.06 1164.8 6887.61 3550.41
1220000 -8657.66 -719.614 -4177.86 -7269.56 -6229.28 -9261.22 -11398.6 -12973.9 -11604.2 -7590.54 -6014.53 -7210.05 -7393.49 -7557.49 -10927.8 -11066.8 -10065.1 -8813.92 -6784.36 -4095.06 -565.438 930.838 3374.41 8328.52 11773.2 9237.38 8570.67 6721.66 4815.01 4714.15 8321.98 12878.1 15044.4 13569 12599.7 10742.1 9271.48 7379.7 6405.7 4803.32 2728.01 286.397 -92.8725 -1198.02 1116.9 3921.66 2015.81 305.793 -1601.11 -5321.4 1108.63
1222000 -7010.41 -5444.33 595.716 5137.03 5851.49 9445.91 9564.27 5544.9 3170.26 82.7208 1439.67 3930.12 8270.87 13574.5 16384.8 16525 17822.6 16311.5 12798.2 10959.9 8918.18 9011.64 9081.14 5705.19 6152.43 2589.21 959.97 -1186.27 -4257.57 -10754.3 -17898.6 -18082.6 -16804.3 -11098.7 -8985.9 -9478.33 -13478.2 -15467.6 -16062.1 -17638.7 -13924.9 -6894.51 -3861.93 -1554.33 -842.443 -2226.22 1182.1 1882.23 622.804 -1789 -4155.08
1224000 11001.4 6044.41 4429.73 3682.62 1696.91 397.818 2338.06 6201.12 9284.52 9081.59 7202.59 3135.37 -2197.38 -6371.85 -6168.4 -3986.31 -6198.4 -5580.1 -4192.31 -6757.49 -9033.63 -10381.3 -12047.2 -15879.2 -15850.3 -12980.9 -9248.35 -6914.13 -1359.76 5716.34 8980.28 5974.47 -322.963 -3134.56 -2663.87 -1465.75 2798.79 6838.24 8673.11 10568.2 10788.1 4384.48 1261.3 1694.78 -808.695 -2636.16 -2313.38 -3220.47 362.421 3766.95 4846.45
1226000 1516.19 -2095.7 -5168.68 -9507.48 -10269.4 -11002 -10484.3 -12249.9 -9616.71 -7563.08 -7815.4 -9572.71 -5721.84 -6683.2 -12149 -15518.7 -13295.4 -9610.16 -7776.35 -4424.1 -356.848 1523.12 3982.38 8125.49 8833.34 7578.21 6707.72 6839.14 5399.04 3642.81 7399.41 12193.7 15893 14461.7 11000.1 10589.9 11633.6 10349.5 8161.43 6199.27 2250.85 1517.81 1090.02 212.463 -607.195 2470.02 1873.42 1996.25 2814.61 -1597.4 -7373.37
1228000 4879.15 -1881.94 1004.66 4205.13 6763.75 8743.3 9243.83 5096.83 929.729 -4514.86 -1415.47 2617.65 5186.96 13375.4 19308.5 18780.6 15379.6 13879.5 11672.1 9267.29 10637.3 7306.1 9085.84 8702.77 5955.76 6779.68 4360.23 96.9792 -4228.55 -9610.36 -14694.9 -16510.8 -13919.2 -12291.7 -10001.6 -9829.05 -14328.6 -16939 -17882.2 -18627.9 -14036.5 -6241.8 -4160.3 -662.653 256.233 464.844 265.573 -2783.92 -3589.73 -2740.94 -9413.64
1230000 12422.9 4610.31 3828.4 4384.76 2894.58 -1066.83 2185.48 6488.04 7834.05 9423.61 11403.5 5675.51 -822.92 -5952.57 -6349.05 -1268.66 -849.748 -3194.19 -2403.91 -5743.27 -8936.16 -11710.2 -13535 -14921.3 -13943.3 -11788.2 -10459.1 -7448.29 -1551.57 4730.68 7381.5 5841.83 852.129 954.051 -1233.74 -302.3 2601.2 5307.99 9379.96 13117.3 10677.2 5301.13 3174.93 85.231 -2797.77 -1877.53 -1690.4 -212.646 627.134 -307.063 -6413.13
1232000 2800.31 -3339.11 -5266.27 -10045.7 -12329.9 -10665.5 -10097.9 -12022.8 -7408.71 -6861.52 -8371.55 -6287.92 -3891.7 -6687.07 -12278.2 -15537.4 -13703.7 -9768.56 -8260.7 -5138.8 2003.4 2822.95 3946.12 7583 6964.99 5729.08 6198.14 6642.54 6990.41 5927.75 5442.51 10235 11729 11258 13653.4 12896 10613.6 11481.5 6151.81 4154.88 3438.87 2028.84 376.947 1613.56 161.866 -1712.59 -2137.82 3114.69 4804.08 2468.64 -4807.04
1234000 4055.91 -571.467 2740.59 6281.01 9408.99 9308.24 8585.46 5518.52 -519.823 -1710.86 -113.629 -156.086 3798.5 11074 16407.2 18586.3 14930.2 11896.7 12034.3 10149.2 6619.92 7604.66 7988.6 5441.6 7812.11 6710.22 4017.77 959.046 -7346.31 -11116.7 -11340.3 -14414.2 -15313.9 -13281.4 -13223.9 -13805.1 -12769.9 -16434 -16599 -16158.8 -13812.3 -8873.25 -5378.86 -3282.32 2471.85 4656.2 3746.6 -2779.21 -3673.48 -1623.1 -2994.39
1236000 -5249.13 3481.21 5135.63 3008.42 3889.24 2989.65 2058.26 5696.45 8152.4 8387.39 6599.19 5126.59 1002.84 -3043.97 -4680.48 -4112.56 -2534.94 -2130.71 -4113.85 -6432.19 -9401.88 -11320.1 -12286.5 -14860.6 -14710.7 -13197.1 -11255.4 -7505.41 -3096.37 816.152 2181.53 4865.36 6642.57 3018.08 1263.2 -232.649 2768.35 6120.38 9499.06 11346.6 9447.41 7565.38 4064.19 5313.89 157.191 -2952.01 1034.84 -983.894 -746.385 -2206.26 6483.83
1238000 2145.53 -3213.01 -7216.78 -9486.34 -12889.8 -11199.9 -11662.5 -12047 -9069.02 -4924.63 -5703.02 -4671.34 -5736.24 -7755.22 -12027.5 -12619.5 -13260.9 -10956.8 -8216.43 -2803.62 2883.28 4225.81 4364.28 6859.01 4620.45 4520.47 5712.5 6805.78 8668.28 9931.23 9374.95 5597.86 7561.03 10269.2 12455.9 12488.5 10123.9 7152.78 6871.14 4905.02 2940.18 2816.53 2049.72 -329.53 -2632.04 -4440.52 -2488.4 758.162 6665.97 5892.61 787.93
1240000 6087.07 -1042.51 3288.45 4886.96 8541.23 10057.4 7406.59 3322.62 270.581 -1180.81 -338.727 1037.45 3788 10986.8 14745.6 18225.7 18920.9 16033.6 13658.2 9260.05 6893.63 6394.16 8837.4 6829.08 8112.71 9089.19 4609.3 559.804 -5349.25 -9181.61 -9334.48 -12734.8 -13982 -13626.8 -15429.5 -13833.1 -13964.5 -15805.3 -16664.4 -16174.9 -14363.4 -10232.6 -6280.21 -3104.68 2720.37 4943 1828.29 -3937.33 -7081.2 -3283.5 -11204.7
1242000 -3048.62 1911.23 3679.49 4139.5 3334.41 2627.5 2573.94 7714.42 6835.01 6267.13 4795.63 2479.34 1993.5 -955.502 -4775.8 -4654.16 -5432.92 -4960.36 -5087.68 -8867.98 -11134.6 -11115.3 -13120.1 -12806.9 -13858.5 -11426.3 -8622.5 -4545.92 -2096.22 -3.61292 -2212.53 1950.19 8453.25 6179.58 4415.76 4324.86 5519.35 9150.68 10760.2 10057.5 7891 5463.41 3401.11 2485.23 327.433 -962.393 392.384 844.828 -1478.07 -2073.43 865.628
1244000 10085.6 -1220.3 -7126.75 -10783.9 -12577.5 -10911.1 -12512.7 -11279 -8535.23 -5646.57 -3770.26 -4768.32 -8101.85 -9541.1 -13148 -13656.6 -13843.1 -13491.9 -9582.92 -443.869 6314.22 5520.52 5259.24 5190.86 4202.25 2202.75 2832.17 4116.49 8246.64 9159.01 8332.42 5878.43 4211.9 7667.53 12773.2 10725.8 9079.96 7209.59 4887.79 7617.14 5761.47 6937.61 3078.36 588.835 -692.754 -1419.85 -2906.66 1221.87 5590.97 7223.94 1038.67
1246000 -4834.76 -1190.36 5476.81 8889.36 8487.2 8734.67 9077.5 5747.11 1663.26 -960.282 484.347 4953.61 4593.33 7345.01 12596 14699 17463.7 19159.7 14101.2 7477.35 4355.06 4859.62 6607.78 7023.61 8175.07 8331.58 4285.44 -880.749 -5428.59 -8221.8 -8700.01 -8529.48 -11039.2 -14037.3 -16785.6 -16363.8 -14298 -15161.7 -14645.3 -14778 -14567.3 -9067.98 -6929.48 -2416.04 461.277 2491.51 2251.26 -1906.54 -5025.61 -4424.86 -2636.67
1248000 -6420.8 973.392 1903.83 2111.54 3668.99 2914.17 3393.44 6729.39 8227.04 5292.21 203.613 1306.92 2753.3 1983.78 225.397 -812.115 -3624.36 -6433.64 -4818.84 -5857.47 -8703.98 -10671.7 -11877.8 -11227.2 -11014.3 -10483 -7498.68 -3415.6 -1358.12 -211.532 -598.903 -28.3784 3394.4 4563.36 5101.52 4929.97 3407.3 4876.96 7441.87 8873.46 6556.52 3699.23 2348.15 3501.86 2615.42 -580.796 -1327.3 -1077.19 -1030.01 -1588.68 3260.22
1250000 6600.89 449.1 -5448.34 -10463.8 -12893 -10797.9 -11055.5 -11007.6 -8196.84 -4153.2 -2038.45 -4612.73 -7982.98 -9537.42 -10574.1 -12125 -13810.4 -12643.4 -10592.3 -2999.04 3223.33 4291.07 4895.85 4201.49 3773.41 4533.31 3820.59 5889.98 7815.47 8136.7 9193.38 9869.58 6819.61 7202.29 11140.8 12926.8 9594.11 9771.04 5979.75 6126.35 6774.93 6232.09 920.82 -2957.09 -4477.59 -960.809 1011.23 411.578 3150.45 5731.61 4074.89
1252000 -8829.89 -466.551 4330.2 9481.24 6274.59 5745.26 6458.43 5966.96 1899.42 855.457 355.5 1752.01 4796.13 8101.11 10839.4 12848.2 16556.7 19059.8 17846.1 11243.5 4131.97 5272.93 6951.66 6893.7 5615.14 3434.68 -560.954 -2255.53 -5566.28 -7650.75 -8657.61 -9558.62 -8291.76 -12106.7 -16331.9 -17235.2 -15509.9 -12239 -13183.7 -12934 -14070.4 -7746.21 -2126.96 -484.74 1797.62 1301.16 864.431 1033.76 -3261.37 -6388.55 -846.88
1254000 -357.18 384.081 -1537.93 465.13 5345.66 6579.07 5817.56 5480.95 4134.4 3717.65 2329.5 1707.08 2799.17 666.948 1854.93 -1601.56 -5627.72 -7988.61 -9429.91 -5535.57 -6088.85 -11290.7 -12841.2 -9724.38 -8844.1 -5058.68 -4302.79 -5627.27 -3129.71 -525.844 -382.115 -1106.1 -21.0223 2363.78 8325.86 8620.62 6269.03 3273.37 2908.96 6695.69 5238.65 2122.45 1583.96 4627.19 2999.84 -1212.01 -810.156 -99.4087 1905.13 3614.61 3599.56
1256000 5934.55 910.718 -1045.73 -7393.35 -12097.9 -12730.5 -10708.6 -8829.32 -6428.43 -3390.37 -1000.78 -4723.02 -7081.99 -9703.88 -11840.6 -10194.5 -9360.68 -8127.85 -8096.91 -5770.83 -302.817 5686.69 5365.93 4728.67 3663.32 1331.54 4234.06 7410.53 6007.29 5922.17 9898.18 11256.9 10342.5 8246.9 6072.45 6994.9 8951.6 10076.7 8744.11 6161.69 3976.07 4659.9 1314.39 -6088.39 -3729.75 -923.207 332.835 1247.53 1055.44 2027.79 -2906.32
1258000 -7469.03 -3210.44 2044.48 5328.07 7157.34 5601.19 1040.54 1473.98 1987.47 216.359 1477.94 1423.28 4648.98 7151.65 11890.3 11515.3 13476.6 17094.8 16599 12737.2 8160.97 6325.12 6083.72 5476.95 6886.7 3135.81 136.776 -1636.35 -1399.88 -4051.19 -7650.49 -8737.3 -6523.61 -9090.92 -13375.5 -16304.9 -17496.4 -14452.2 -13810.7 -9803.32 -8748.86 -6687.22 -3335.55 1213.57 -537.425 -1045.84 292.987 -3519.3 -3933.44 -5148.91 -4271.83
1260000 10238.9 1073.44 -1907.75 440.481 3503.49 8064.17 9787.38 5451.14 3157.88 308.158 -656.278 1094.68 4054.36 429.884 1970.21 70.7604 -3721.25 -9912.75 -11383 -8379 -7783.7 -10365.7 -11597.7 -11953.3 -9234.97 -4850.17 -4415.31 -5870.83 -5305.43 -6164.7 -3681 -1764.81 -3361.21 -296.75 5014.63 9818.78 10011.4 4494.99 4629.23 2572.18 2034.33 4069.69 4030.14 4458.08 4560.3 2542.65 477.614 2111.27 3170.99 3546.47 908.81
1262000 -8969.59 612.5 1824.33 -2797.39 -9256.25 -13178.3 -11206.6 -6955.84 -3832.36 -1110.14 -163.273 -5778.42 -7817.34 -9489.04 -14184 -14107.8 -9217.15 -6873.76 -6964.7 -6481.44 -4212.4 1529.24 4370.99 3218.65 2508.55 3880.5 3628.48 5921.54 9371.14 9258.51 9773.22 11545 12019.9 9922.71 6680.61 5970.02 4663.37 9909.69 13773.1 8529.67 5317.34 2448.94 -370.426 -1936.44 -4345.5 -192.117 861.016 1776.23 4317.24 -345.618 5858.54
1264000 5695.63 -1529.15 -1464.36 2872.3 5465.42 6940.39 3079.75 1042.67 1844.64 1564.45 1678.67 2361.8 2979.05 7392.29 11964 16112.7 14313.6 13748.2 16386.8 16250.3 14599.5 12491.3 9147.51 5514.72 3321.34 840.282 -206.988 -3034.56 -2253.66 -3466.53 -7183.79 -8812.15 -9540.88 -10867.3 -11938.7 -13055.7 -17279.6 -18298.3 -16662.6 -12164.2 -7527.15 -5252.25 -3697.69 -2578.04 -1734.33 -1512.68 -2174.68 -3530.55 -4919.82 -3792.22 -7521.71
1266000 9351.09 1272.19 -978.075 -757.179 3600.48 5540.97 6559.71 5340.61 2268.17 -1162.71 -72.8608 3383.37 6464.12 4160.32 1866.73 1454.96 -1628.01 -6520.16 -9856.26 -11239.9 -13079.5 -13098.7 -9651.39 -7822.6 -6323.98 -5002.05 -3129.53 -1966.71 -6579.76 -7147.04 -3214.65 -1980.19 -1803.06 1652.14 5041.49 8613.17 11661.8 10023.9 4631.73 3333.7 1266.47 2040.07 4740.76 2013.17 1212.52 1491.56 66.6582 -91.5497 324.123 1423.51 -3906.6
1268000 -1202.67 -83.5982 2290.03 -2696.99 -7096.94 -10585.1 -8740.48 -7598.22 -4921.67 -1930.84 -2276.24 -7259.63 -9540.41 -10694.2 -13813.3 -16703.3 -14296.7 -7010.58 -4283.31 -6032.65 -3396.31 -2939.08 91.5634 2769.97 3057.1 4417.95 1768.39 3011.08 5885.73 9193.26 10502 9758.4 9806.75 9888.94 7254.75 3610.5 3670.47 8572.4 11890 8017.42 5765.36 1730.82 -1500.73 -700.691 -431.361 1731.69 952.574 3012.04 6467.04 5169.65 1933.74
1270000 343.113 316.146 -1866.79 69.4596 5429.23 4063.55 2700.08 3487.01 2835.8 2758.4 2286.44 2854.22 2723.29 5720.89 10499.8 15764.4 14763.3 13956.8 13388 15646.2 17452.6 15033.1 9888.79 4447.41 295.432 261.534 471.918 -298.926 -658.944 -2199.79 -4792.93 -7273.51 -10340.7 -12390.2 -13953.2 -12281.2 -16601.9 -21140.8 -19744.8 -10648.7 -5991.82 -3750.29 -2592.47 -3006.92 -4176.25 -2552.59 -1585.12 -3059.71 -5597.77 -5663.12 -2542.13
1272000 1126.03 -838.188 933.214 3418.45 3679.99 2657.31 3778.98 3363.86 3522.04 803.875 438.123 2354.39 6032.06 6393.14 5054.74 -174.625 -3117.69 -4137.59 -8292.88 -12274 -16344 -13942 -9021.18 -4021.27 -4867.2 -6707.55 -4317.21 -2843.68 -4955.59 -7286.25 -6716.6 -4393.52 -627.397 4245.81 6921.34 9681.17 10574.5 12618.2 10676.5 5058.67 1341.52 2403.7 4297.66 4577.65 2075 802.387 82.3585 -347.244 -793.554 -902.212 -4293.88
1274000 -5858.27 842.041 -408.968 -5522.05 -8536.49 -7520.69 -5677.43 -8593.64 -6828.36 -5645.43 -5615.49 -7414.8 -10624.4 -13100.9 -14038.1 -16706.4 -13359.1 -9573.97 -4539.07 -2303.4 -1360.68 -484.763 255.568 1011.72 4025.19 7771.22 6357.68 3604.79 5133.35 9933.44 13271.2 12901.6 10106.5 8811.61 6550.33 3732.16 4607.93 8556.85 7043 6198.57 6559.42 602.267 -2066.93 -723.066 1496.81 3492.94 2245.94 2307.22 3267.85 5021.82 10470.8
1276000 -4324.05 -737.028 -1916.62 -306.575 2117.08 3940.25 4585.77 6508.77 3925.51 2237.48 2787.94 4316.04 5483.01 6697.98 10331.2 12797.7 15671.6 14107.6 13680.2 15231.5 17387.8 17271.3 9077.16 2478 104.786 -2518.99 -1977.41 1043.43 -294.482 -2974.33 -5080.37 -8075.44 -10314.8 -13260.8 -13904.7 -12566.6 -15952.9 -18123.8 -17353.9 -8918.15 -6669.39 -6037.96 -1702.65 -3182.28 -4185.99 -5434.69 -1486.3 -1023.08 -3866.98 -5369.94 2062.75
1278000 -2590.11 -386.276 4044.37 8040.89 7491.76 4115.41 1039.02 1357.19 3004.63 2606.45 2409.67 3065.47 2921.02 4675.97 4968.51 542.809 -1836.76 -4083.75 -8323.12 -13773.2 -18667.8 -15632.7 -6931.3 -1793.27 -4253.94 -4948.88 -6565.74 -5564.49 -4616.46 -4710.87 -6577.88 -5589.15 -873.124 3337.09 8866.82 8060.07 8793.81 10957.2 7822.66 3953.71 2483.25 1534.47 456.554 1997.97 1337.43 1556.36 2066.95 151.163 -536.843 774.136 -1987.88
1280000 -1173.78 2338.17 -2245 -5693.46 -7545.16 -6098.76 -2672.7 -6758.57 -9458.05 -6818.43 -6811.25 -6858.56 -8590.43 -10254.4 -13920.9 -13371.9 -13441.3 -10816.2 -8943.32 -4532.49 393.529 -408.445 -3931.09 -2303.31 1270.29 3075.37 5445.71 3536.46 4751.22 7323.35 10866.7 10800.2 10694.3 7558.52 6207.19 7029.1 7449.67 7403.29 5299.59 5930.99 5768.17 5482.44 2177.78 -1410.71 3998.94 3770.1 1632.34 1984.53 2880.55 3812.57 10270.2
