# Time-averaged data for fix AVE_xz
# TimeStep c_stress_Au1[5] c_stress_Au2[5] c_stress_Au3[5] c_stress_Au4[5] c_stress_Au5[5] c_stress_Au6[5] c_stress_Au7[5] c_stress_Au8[5] c_stress_Au9[5] c_stress_Au10[5] c_stress_Au11[5] c_stress_Au12[5] c_stress_Au13[5] c_stress_Au14[5] c_stress_Au15[5] c_stress_Au16[5] c_stress_Au17[5] c_stress_Au18[5] c_stress_Au19[5] c_stress_Au20[5] c_stress_Au21[5] c_stress_Au22[5] c_stress_Au23[5] c_stress_Au24[5] c_stress_Au25[5] c_stress_Au26[5] c_stress_Au27[5] c_stress_Au28[5] c_stress_Au29[5] c_stress_Au30[5] c_stress_Au31[5] c_stress_Au32[5] c_stress_Au33[5] c_stress_Au34[5] c_stress_Au35[5] c_stress_Au36[5] c_stress_Au37[5] c_stress_Au38[5] c_stress_Au39[5] c_stress_Au40[5] c_stress_Au41[5] c_stress_Au42[5] c_stress_Au43[5] c_stress_Au44[5] c_stress_Au45[5] c_stress_Au46[5] c_stress_Au47[5] c_stress_Au48[5] c_stress_Au49[5] c_stress_Au50[5] c_stress_Au51[5]
1002000 1625.03 -297.585 -1151.9 1034.41 4930.38 7312.35 7249.4 6622.09 5984.45 5015.3 4318.99 992.993 -1352.81 -1573.58 -2033.59 -3298.08 -2334.64 -2522.32 -4001.81 -5754.48 -4138.35 -1659.65 355.514 1870.67 3458.15 3815.62 4997.18 5179.08 3509.31 1919.04 2035.14 1341.66 -1215.28 -1818.21 871.504 1364.99 -488.716 -2708.02 -2499.39 -1171.11 -1615.26 -3645.48 -4726.95 -2534.91 -544.953 -2485.75 -4686.22 -5048.46 -4801.72 -1792.11 -1908.6
1004000 -5484.13 -6093.51 -5426.8 -5687.7 -6380.63 -6676.75 -5333.1 -1744.1 1246.11 1226.78 1067.05 4942.53 8090.51 7525.14 7510.89 8856.87 8952.36 7548.96 6004.56 5179.08 3948.34 3432.4 3546.9 2776.53 3056.16 2380.3 841.379 -176.4 -1407.4 -2190.63 -1740.06 -3430.09 -4836.13 -4955.58 -7102.55 -7498.17 -6858.72 -6026.51 -4782.8 -4132.91 -3472.42 -3112.38 -1005.89 1247.87 3135.21 3585.74 4681.48 4707.89 2160.12 -3774.64 -7102.52
1006000 6514.14 5517.49 4577.76 3771.25 2343.27 1871.54 136.656 -2268.91 -342.84 2462.38 2575.23 -137.69 -1120.96 -2059.34 -3799.99 -4039.06 -4194.98 -5541.81 -6172.12 -3614.22 -4845.95 -7935.48 -7970.54 -5821.14 -3796.19 -2807.27 -1610.13 -694.357 3327.01 6429.98 7643.96 8532.56 9509.88 8756.03 6083.69 4801.41 2949.6 767.317 -421.493 -1136.97 -1621.18 -1522.73 -3612.46 -4865.63 -4027.42 -2412.13 -1247.47 -821.056 -170.771 2906.33 5770.3
1008000 -2716.4 1127.86 663.944 668.755 -1472.63 -4242.35 -5712.82 -4493.31 -6408.28 -9796.99 -10050.6 -6508.49 -5026.78 -3275.48 -904.276 63.5222 2394.82 4671.13 2044.37 562.843 3857.56 6013.33 2869.87 -867.443 -1503.67 -3981.44 -6501.66 -6354.16 -4241.68 -4826.12 -4756.05 -4110.71 -2620.22 -843.664 -644.599 358.774 1582.41 3946.68 4370.58 4467.88 5300.06 5996.26 7561.65 7135.46 5345.01 5462.11 5931.65 6232.03 6199.06 4296.1 7779.51
1010000 -2304.98 -2811.91 -557.224 4231.9 6233.06 7816.33 10460.9 10055.7 8965.02 8310.07 5129.61 1803.86 1357.68 -410.603 -2033.38 -800.712 -416.209 -2512.76 -3072.53 -1721.57 -1714.26 -722.01 637.155 -122.757 790.671 2523.51 2764.5 3821.52 4452.16 3194.37 618.749 -1880.14 -1956.59 -305.101 3251.03 4561.4 3978.52 1991.65 -789.174 -3259.72 -3900.03 -4546.58 -5972.59 -6693.5 -8271.04 -9134.6 -10620.9 -11848 -8725.56 -4377.66 -4054.44
1012000 -3547.84 -3086.33 -3262.77 -4226.07 -3229.51 -1585.79 -2848.33 -3839.7 -2436.93 -2249.83 327.073 2400.99 1524.81 2403.81 4767.65 3417.54 2795.34 4361.13 5924.19 5846.71 7075.27 7454.28 7848.06 8817.89 6004.23 2776.83 3901.8 2717.55 -834.173 -2522.08 -5600.55 -7736.91 -7551.54 -8578.88 -10040.1 -9796.27 -7490.3 -5230.45 -2520.23 -1356.32 1511.29 4510.18 4073.92 1991.79 2176.54 3582.12 3544.18 2253.05 1194.98 -1229.92 -3645.33
1014000 663.174 2009.12 3142.19 1437.85 -1265.97 -2190.83 -808.078 -975.632 211.439 4342.14 4858.91 2162.3 540.292 -2119.13 -3291.22 -3000.96 -5003.65 -7639.77 -7273.43 -7480.79 -10824.3 -11498.9 -10057.2 -7086.88 -4774.17 -1581.71 -1412.52 50.5954 2069.56 6586.68 9485.46 8882.44 9136.6 9292.64 8446.2 6166.34 2947.51 956.558 1118.76 1351.9 1925.99 2964.84 1793.49 2607.72 119.817 -1392.08 -747.338 226.309 -111.285 -96.2108 789.799
1016000 722.551 1783.27 1188.77 339.058 -1216.93 -3420.69 -5267.93 -5335.97 -8250.45 -10571.9 -9105.82 -5458.89 -5023.97 -2412.17 -311.995 506.568 2670.49 3469.69 1469.48 -507.762 426.135 1229.73 1154.48 -351.05 -2161.41 -1134.32 -1467.61 -2311.85 -2457.33 -1946.28 -151.178 -737.421 -3188.12 -4021.88 -2802.21 -1013.72 -466.581 -144.58 804.297 3714.58 1891.79 -1501.87 282.334 3987.68 6920.03 9737.61 10427.9 9343.76 7850.39 5004.02 4204.15
1018000 -3455.96 -331.193 -548.558 1440.9 4016.04 5926.86 5992.13 7020.1 8426.65 8227.46 7098.39 5459.23 4802.39 4976.84 5577.04 5058.77 4528.21 6055.65 6013.99 2973.09 -339.131 -1419.98 -1513.69 -1672.12 -2246.81 -2074.25 -647.48 1537.89 1899.46 -2556.75 -3892.43 -969.776 2091.53 2653.76 1794.33 3619.5 2713.75 1256.8 -369.337 -3090.68 -5916.1 -7487.86 -7816.65 -9231.73 -9547.56 -11007.3 -10907.9 -9571.41 -6940.29 -2486.6 3292.14
1020000 11285.1 2016.63 994.687 -164.41 61.8532 543.66 -1217.47 -3883.6 -4871.13 -1738.98 -1855.88 -3314.26 -2317.74 -1631.97 -2458.6 -2433.06 -2806.03 -3127.05 761.305 6314.34 10514.6 10557.2 9546.06 9958.52 8548.26 4417.14 2596.95 486.369 -1355.81 -2128.2 -2355.94 -3253.42 -5148.46 -4891.85 -6372.9 -7674.52 -6581.49 -3310.76 -2856.21 -1116.71 2501.69 5340.31 3644.48 412.737 -728.091 -1355.85 -1058.06 927.533 960.031 1881.89 -8113.44
1022000 -15868.3 -5562.31 -1139.13 -798.727 -1210.19 -2164.3 -1910.32 859.699 2008.92 -1403.19 -1387.78 1691.01 3388.88 1388.48 -1776.78 -4899.94 -7262.81 -8051.02 -9065 -8990.86 -8119.29 -7381.42 -7966.22 -6563.93 -3825.79 -1723.4 -603.349 -823.996 766.517 3691.99 3629.69 2816.46 2792.5 4419.98 6961.81 8087.89 8658.68 6935.02 6648.77 6800.6 5533.65 5331.3 7292.27 7315.64 4620.43 2463.18 872.635 -1439.57 -4237.71 -6892.65 -4231.68
1024000 10373.4 5110.22 378.403 -916.657 -1255.84 -793.687 555.126 1550 623.021 -799.056 -1645.54 -5501.36 -7457.08 -6515.21 -4204.85 420.215 5031.79 4456.1 874.049 -2815.18 -4834.64 -2988.86 -589.697 -1430.31 1211.05 6017.12 6251.93 3145.45 1913.09 -22.0629 -1924.72 -1740.72 -2092.33 -3261.24 -3828.47 -4102.08 -5051.54 -5424.35 -4507.41 -1941.12 -1289.59 -3260.54 -4749.66 -902.113 3428.98 5013.63 6609.45 6264.23 7654.2 11083.4 11984.3
1026000 -5015.23 -2439.03 -800.912 278.298 1280.2 1010.34 -1298.22 -1840.34 435.382 4670.42 9305.48 12568.7 12847.1 13888.7 12642.8 8037.95 5041.37 5666.47 5420.15 4953.37 6636.84 4201.39 150.938 -1545.12 -5104.63 -10777.2 -10116.7 -4779.34 -2514.21 -417.83 -421.116 -642.008 1283.3 89.7385 -2205.1 -2664.54 106.573 2316.08 1883.22 -3779.1 -6965.28 -5532.1 -6001.04 -7051.46 -6214.55 -4294.12 -3267.96 -4323.54 -5288.66 -6501.24 -3972.25
1028000 -47.8001 6083.81 6356.24 3638.99 -495.969 -1303.08 -820.388 -2917.05 -3170.67 -3813.87 -8284 -10201.7 -7361 -7981.01 -7644.08 -2604.59 -1673.51 -3133.72 52.1556 1256.38 1172.78 2032.49 3507.47 6559.86 10153.3 10608.4 5238.06 1700.8 -1153.53 -1812.4 856.846 3998.89 4271.46 4772.14 5026.71 591.008 -4377.62 -7065.17 -7185.43 -4506.45 -1182.4 803.603 354.029 -87.5086 -2429.92 -4256.85 -4589.73 -1611.08 1075.03 3998.58 10685.4
1030000 -9869.62 -9250.36 -8674.22 -3160.42 1247.88 325.713 171.827 2112.09 -995.704 -5247.85 -2278.47 519.396 -940.151 167.266 -388.995 -5081.44 -4571.88 -1995.8 -3867.34 -2701.2 -1636.69 -4141.03 -4812.29 -6550.96 -9594.25 -7465.27 -2470.85 -1383.88 -455.301 467.516 -1680.03 -4485.64 -3953.01 -2314.47 1447.63 7411.85 13548.3 15309.6 15277.8 14807.4 10889.5 5653.89 5799.46 7049.56 7621.09 7416.48 6672.73 3394.22 -639.859 -6064.61 -7593.8
1032000 10659.9 6619.97 3742.63 1868.41 330.332 3758.68 7169.06 6588.63 7075.6 7592.84 2454.46 -1409.59 -4679.97 -7496.55 -5365.68 -2763.98 -3272.58 -2815.87 200.949 -1168.04 -2853.96 -1205.56 1060.55 3213.8 6663.57 7192.1 5894.67 4518.27 3205.33 -300.977 -1258.2 898.603 671.111 -2184.95 -4263.34 -7260.71 -9968.05 -10150.5 -9277.7 -7485.75 -4227.87 -1568.13 -547.829 -545.784 -3012.3 -4879.8 -3619.82 -802.456 2758.43 6524.47 5125.23
1034000 -2705.7 -4716.65 -2620.09 -2167.81 -2873.57 -4895.59 -5731.7 -5885.26 -3419.4 1253.47 7449.24 11641.4 14053.5 15910.9 13975 9927.17 7565.91 5706.29 5185.4 6907.59 6777.87 4839.7 3537.02 1942.25 -2792.85 -7749.54 -7112.23 -5601.11 -5685.78 -1534.9 1793.08 -775.508 -2844.67 -3897.77 -6101.85 -5045.89 -2964.71 -2994.76 -2268.88 -2223.5 -3966.37 -3674.42 -2607.04 -1515.57 904.185 2907.24 -39.0358 -2915.73 -4694.66 -6931.44 -11605.5
1036000 7849.48 1904.81 3497.53 2015.85 -498.379 -1312.8 317.175 1496.04 686.091 -3671.57 -7087.15 -8687.57 -9243.84 -8974.66 -6681.97 -3889.69 -262.654 31.7565 -2536.24 -6043.62 -7261.51 -5897.68 -3884.83 -1850.56 1717.3 5023.99 5872.63 5056.32 4500.87 5045.72 7243.94 9737.45 9541.12 8441.64 9415.46 8367 2724.14 1257.16 -441.888 -3638.9 -3972.88 -3900.06 -4242.24 -2555.12 -2471.34 -1902.4 -824.604 1391.95 2107.47 3311.09 -2839.73
1038000 3989.06 -933.248 -3627.51 -4502.87 -1667.23 266.204 -1787.09 -3960.05 -6471.2 -6858.99 -6263.59 -5718.55 -6763.76 -5452.03 -2820.06 -748.367 -1085.88 -970.017 2641.56 4206.02 3738.38 2185.78 -986.846 -3607.57 -4668.15 -4878.26 -4998.71 -4513.7 -3975.01 -3760.38 -6150.29 -7453.43 -4051.91 -1214.18 -278.601 3000.22 6740.47 8830.26 9376.71 10173.4 8361.5 7337.27 7960.88 7044.72 5743.78 5317.61 6953.29 5275.96 2755.58 2044.62 -1851.3
1040000 -3227.09 5555.5 4976.05 7127.6 9748.44 9633.25 9021.83 9674.57 8443.13 9633.94 8708.48 6753.98 6288.97 5125.83 -391.098 -5824.38 -7058.2 -6459.04 -3854.49 -2116.1 733.14 1793.24 2387.83 2943.7 1296.72 -2026.93 -1588.48 359.684 1140.45 -121.416 -648.555 -1039.44 -409.218 -37.8507 -1317.89 -4547.82 -6771.54 -6737.55 -7283.27 -6151.85 -3812.39 -690.597 -1830.47 -5191.42 -6226.81 -7387.58 -9611.92 -7892.02 -4702.39 -2689.09 7521.21
1042000 -7935.29 -8375.24 -5778.77 -6020.21 -8412.8 -6999.07 -4161.6 -2206.42 496.714 -714.303 -958.678 2074.49 4668.53 3356.3 4335.3 7417.31 9942.64 9194.24 4701.64 4193.26 6507.51 6564.52 4693.69 3367.15 4733.79 7121.2 3871.51 -787.815 -3475.44 -4162.09 -3410.63 -2156.71 -6468.81 -8619.58 -5882.48 -5042.96 -5770.45 -4876.32 -3987.03 -1398.45 1229.99 224.532 502.95 2231.93 4119.32 4601.56 2738.7 758.13 842.958 106.173 -2100.06
1044000 -6656.19 -2446.19 -1975.17 454.182 719.726 -766.797 -2448.42 -1977.97 -1134.6 -1261.02 337.353 -1503.68 -4416.2 -3678.55 -3017.98 -5058.95 -5449.38 -4537.61 -7437.32 -8654.18 -9708.7 -12250.4 -9386.87 -4425.66 -1773.35 -645.75 3290.33 7043.48 9384.44 10818.1 9269.51 8929.5 10808.5 11022.4 7736.16 8089.25 10493.2 9703.99 6587.14 1123.31 -5714.04 -7251.51 -5109.24 -1977.19 252.203 1195.92 2772.43 3104.44 -475.359 -3512.57 402.566
1046000 5819.37 7243.86 1588.24 -3440.59 -5477.73 -5487.65 -6685.49 -8356.32 -7255.21 -5880.4 -5078.84 -4571.75 -3666 -4624.99 -2984.99 1635.13 635.15 1258.2 4852.23 3148.89 539.303 2766.21 3717.35 1489.8 1234.51 -1583.52 -5789.75 -6409.03 -6452.49 -6769.85 -4883.92 -1369.32 274.483 -400.753 -1637.77 -1901.19 -2003.1 -2716.94 -1193.16 2653.45 6725.38 9493.03 7954.46 5112.5 4646.89 4858.68 4639.4 5479.92 5194.72 7427.87 14026.2
1048000 -2394.34 2219.34 7839.07 10253 10865.6 10878 10786.7 12362.8 10367.4 8142.36 9267.02 8676.21 9530.02 9560.6 3891.55 -1566.74 -1620.75 -2940.18 -2633.84 1522.07 5046.82 3623.7 1044.51 -2569 -5558.37 -7026.23 -4646.3 -3597.96 -2540.24 420.795 1981.49 -2257.48 -3956.46 -3063.02 -940.647 722.495 691.003 -1661.3 -1598.02 -1641.78 -4659.18 -8219.85 -9804.39 -9402.18 -10398.8 -10993.2 -8865.98 -7882.09 -4857.15 -1938.8 -478.143
1050000 -1318.58 -1817.37 -2582.91 -5676.84 -5546.06 -2559.58 -1427.5 -1473.05 -2335.71 -3986.48 -6108.25 -7708.4 -6771.49 -3821.57 1133.49 5061.86 7448.76 8826.86 7377.15 5331.88 4700.06 3868.7 3560.18 5042.13 8894.06 8897.25 7781.83 4992.27 -1203.04 -7189.38 -10563.1 -11245 -9226.78 -5780.34 -2654.87 -3892.47 -4459.04 -2402.13 -1362.13 -3378.76 -1029.44 3432.3 4021.95 3833.91 2711.56 1117.28 1266.95 3502.1 3597.92 711.953 -2815.17
1052000 -5843.58 -6081.87 -6184.25 -1665.51 892.851 37.1927 -2296.52 -4707.93 -1905.71 2460.48 2017.78 2120.48 2172.69 -672.437 -2566.45 -6970.36 -11249.2 -11606.2 -10480.8 -12053.8 -11159.9 -8426.45 -4281.13 -3806.63 -4722.17 -2099.15 1026.85 3961.12 7410.2 10975.9 11994.8 13106.3 13473.3 10881 7148.82 6255.12 7909.83 8219.99 6606.46 5948.83 4242.21 2562.9 177.97 -1055.71 924.84 2070.73 -29.549 -3681.62 -4757.93 -5420.98 -4799.34
1054000 2832.48 7100.94 3272.81 -708.516 -5783.01 -10428.7 -8330.21 -6504.31 -7032.77 -5273.2 -2164.96 -279.55 -1784.89 -2200.01 -1296.46 140.939 2538.81 4312.68 3586.5 3313.1 3638.62 2384.79 2166.17 3039.06 3082.74 1646.1 -1061.06 -2249.14 -1458.78 71.2171 -264.437 -1959.75 -3617.1 -2540.91 -5619.4 -8629.86 -7971.51 -6341.99 -4523.19 -431.053 -144.459 1016.19 4883.81 7962.39 7799.42 6062.65 7112.55 7625.46 6889.51 5286.16 11819.8
1056000 -3845.85 -1373.7 1717.58 2073.44 5429.67 11490 12270.7 10855.6 11069.8 8472.34 5755.38 7775.78 8955.09 7626.27 8317.88 7394.03 4918.78 2200.22 100.658 -1427.92 -2633.36 -2632.89 -3397.57 -6181.14 -5166.62 -3980.79 -5367.66 -5314.52 -3093.33 -4195.01 -2948.37 -1278.76 -1802.66 -1653.35 1783.1 3901.91 2589.39 734.84 -864.08 -3037.72 -5299.8 -6199.01 -8431.15 -10007 -9174.44 -7342.04 -7229.46 -6336.01 -3336.3 -2372.48 -4545.05
1058000 7414.7 1762.96 668.458 2435.71 2356.16 -1280.28 -2852.72 -2451.31 -4588.75 -5916.86 -8231 -12321.5 -10483.7 -4577.97 -4848.71 -6148.4 -1716.11 1974.24 5264.41 8815.86 9590.2 6396.71 5605.77 7253.84 6034.88 4120.16 6960.91 5646.75 308.157 -2751.17 -5380.84 -7844.6 -6540.48 -6009.52 -5699.89 -1302.49 1785.19 813.413 -1450.69 -2681.77 -1071.82 -143.318 234.227 2306.24 2891.81 1183.93 253.178 1256.36 2472.89 5563.42 2208.99
1060000 -6782.05 -2730.07 -2863.79 -6128.01 -5170.6 -2420.8 -397.164 -23.2001 234.156 -807.707 734.778 3090.84 2350.86 -2266.09 -2852.88 -393.224 -3210.77 -6772 -5806.08 -6508.14 -5689.92 -1907.74 -2988.21 -4427.36 -1335.62 -3748.4 -5177.86 -3249.29 -1161.06 1165.64 4814.13 9086.34 10954.6 10357 8670.24 7859.06 6344.64 8033.16 9416.62 9275.44 9372.3 9362.28 6101.04 -228.101 -3768.53 -3220.38 -3620.68 -5179.14 -5715.92 -6182.01 -4471.32
1062000 -1486.87 4165.79 3316.3 4171.74 2268.32 -685.094 -2460.16 -2862.58 -3943.2 -3112.41 1207.89 3335.81 3117.31 1700.66 -1648.18 -3121.42 -671.922 -828.301 -2188.47 -1267.48 -2003.05 -1199.7 1813.54 3001.98 2462.69 3167.55 3165.67 2425.06 3633.02 4342.5 423.673 -2686.18 -2987.38 -2866.51 -5206.73 -7784.8 -11632.4 -11173.3 -6721.1 -4000.86 -5016.44 -5818.1 -2209.86 6112.55 10447.3 10229.3 8592.15 7069.38 4998.34 3455.7 12136.1
1064000 -9041.43 -5216.44 -6398.27 -4382.89 -3241.78 -151.474 2242.59 5162.6 9735.89 12005.6 8742.98 6006.05 4656.38 5297.49 9342.96 9769.25 8996.75 9214.42 5022.71 267.399 -2579.17 -5011.27 -7414.64 -6717.57 -4992.42 -1630.14 1002.3 -645.241 -3625.63 -4188.6 -1193.42 1099.2 -2457.94 -3798.7 -2199.37 -2357.37 403.805 1188.78 -2646.86 -3874.41 -2202 -2431.24 -2465.63 -4860.77 -6027.82 -3657.36 -1741.34 -1851.81 -1606.99 -2344.66 4239.6
1066000 3910.42 2343.55 3213.77 4837.61 4115.33 2428.48 -981.491 -5413.45 -7387.8 -8167.6 -9781.26 -9466.6 -6583.98 -4563.1 -3508.27 -5025.27 -7212.29 -5536.83 869.876 6807.84 7582.43 6642.64 6507.83 5743.29 3406.23 1371.89 1798.6 3467.19 5563.09 5673.97 2842.74 668.231 1200.53 -160.173 509.15 1604.18 1863.36 1973.12 2535.33 -719.181 -3525.77 -1576.44 -1037.47 -3500.48 -3931.2 -1343.44 -673.739 1582.79 1677.88 -485.141 -2917.9
1068000 1685.4 2601.02 1128.81 -576.389 -2005.1 -2686.6 -881.275 1519.19 -1564.54 -4086.51 -2408 -1572.75 -3080.78 -4134.44 -3760.7 -1969.26 655.08 408.074 -2400.55 -3295.53 -1656.62 -644.899 -466.688 -664.121 -1491.91 -3498.21 -5591.56 -7759.01 -9826.89 -7129.28 -3911.16 -2679.56 1997.58 8085.04 11277.7 9162.31 6929.02 4704.05 5418.38 9766.88 12705.3 10686.6 9629.95 8581.75 2489.17 -4237.25 -6571.58 -6996.21 -4895.84 -2298.26 -348.41
1070000 4411.96 200.954 2962.25 4394.76 6294.67 7224.11 5615.82 3214.75 2272.17 1273.36 -140.718 205.427 1248.04 -185.019 -3004.89 -3252.47 -2544.76 -2550.36 -2479.54 -3435.7 -3596.61 343.076 2003.34 -489.613 -181.974 414.125 2428.01 5353.63 7682.53 6291.09 2052.43 -180.279 -3397.79 -8932.47 -9561.87 -5779.09 -3941.2 -1737.03 -2004.84 -3984.5 -6764.24 -8377.63 -9261.24 -5307.61 1188.14 4794.69 5107.47 2813.33 2504.24 3878.15 -599.956
1072000 -6928.23 -5336.99 -6935.7 -8568.72 -8326.28 -7863.21 -5320.05 900.51 6027.66 8396.29 11305.5 8241.27 5284.53 8851.92 11444.8 11605.8 10488 8426.53 6222.82 4344.81 1686.25 -3770.82 -6160.91 -2882.72 1025.66 1323.49 2065.98 981.503 -1756.95 -2836.67 -2612.35 -2534.07 -1959.13 -3220.73 -6097.08 -5731.85 -5602.3 -5013.62 -5648.15 -5922.18 -2366.91 1886.99 3250.88 1554.95 1182.58 -58.1289 1024.71 1536.31 668.567 -1934.18 -1777.15
1074000 -8377.95 2424.01 5513.2 5658.57 3637.74 1170.58 -450.493 -5199.62 -7021.44 -6584.09 -5695.3 -2075.14 633.281 -1163.58 -4695.84 -6960.22 -9171.37 -9289.79 -6194.24 -3292.15 -2377.48 -1224.56 71.3646 362.26 2406.41 2468.21 364.25 1237.51 4492.28 6743.97 8485.64 8172.51 8322.44 9029.47 5668.88 1914.72 469.826 -1109.3 -1407.67 94.4128 -628.866 -829.329 -753.833 -1796.68 -2090.76 -1580.86 -323.154 259.999 440.206 -980.481 7640.38
1076000 1756.76 1982.59 -435.16 -1364.38 -267.294 -1554.88 -3046.77 -3874.29 -4641.17 -5997.16 -7205.74 -6549.24 -8068.18 -7743.02 -4546.11 -1572.41 1851.27 5521.67 4717.65 2966.66 3267.1 3868.3 1903.44 -2603.66 -5309.29 -2865.32 -2278.15 -5200.07 -7130.63 -9348.15 -7622.14 -4114.01 -2908.24 -713.865 4083.17 6086.05 5350.03 5345.86 7701.27 10188.4 8746.29 6699.61 5144.25 4724.17 5456.21 3028.77 -405.764 363.199 2211.31 2436.21 3307.22
1078000 -8170.11 532.7 912.956 3501.04 6310.47 10147.9 12184.2 11068.5 8308.5 7556.05 4872.01 2018.46 175.51 540.229 1994.08 1430.91 706.389 -149.392 -1220.91 -998.097 -585.427 -963.353 406.496 1314.11 -1518.62 -2946.79 -397.588 2553.65 4609.72 4255.32 668.397 -1636.9 -967.243 -275.405 -1639.98 -1206.47 1372.06 1486.31 -1098.1 -4162.47 -6782 -9660.45 -10224.5 -8652.44 -9882.12 -8925.68 -5476.54 -4278.05 -4353.32 -1574.79 8160.03
1080000 -8079.18 -409.917 -1906.66 -4402.42 -6752.55 -7893.03 -7708.88 -5935.71 -3026.33 1177.45 1263.28 2931.56 5951.29 6759.06 5501.99 5373.67 4394.71 2381.73 3900.67 4037.6 3527.18 6205.31 7165.07 6431.83 7306.52 4258.07 653.438 -1135.33 -2749.45 -4231.75 -3819.85 -3907.14 -6015.72 -7770.11 -8231.86 -7275.52 -9062.59 -9105.15 -7737.03 -5924.65 -326.408 5694.21 7767.86 7501.9 6365.2 5457.72 2892.3 1086.8 -553.7 -2727.35 2265.05
1082000 -729.279 -2136.66 -801.931 886.771 2112.15 148.376 -339.299 3120.34 3558.91 1563.18 2162.06 1404.19 -1457.36 -1646.31 -3851.94 -6021.79 -6655.96 -8661.42 -11224 -12144.8 -11647.5 -11821.2 -11442.2 -7120.73 -2839.03 -1270.1 1750.45 3026.61 4235.45 9722.17 13231 11637.7 9463.19 9209.72 8736.95 7582.47 5885.48 3794.36 3424.74 3348.06 1991 -507.797 -570.194 373.412 -645.353 207.143 1193.83 1040.5 1443.85 88.3162 -5418.15
1084000 9352.13 741.514 -1135.12 -2801.83 -4716.47 -4231.34 -5590.46 -8055.59 -6701.71 -5619.83 -6405.04 -5983.94 -5928.1 -7930.72 -5139.3 1292.26 4939.03 6740.96 9366.86 7663.02 4744.25 4594.44 3322.81 36.5904 -1470.09 -1138.88 -1599.81 -1653.61 -1103.68 -4585.47 -8321.72 -6737.97 -4732.96 -5251.34 -4919.48 -2662.58 -852.664 1465.67 3992.71 3692.21 1943.63 1416.54 1604.4 2997.53 5611.87 7064.59 9358.26 9066 6615.69 7543.42 2759.43
1086000 -75.0913 1859.86 2723.32 6797.14 9954.9 11379 10234.4 9740.95 8363.83 6522.7 6360.08 5544.92 3976.66 5100.31 5071.88 1265 41.2242 432.62 -226.463 506.115 2634.15 1870.26 248.601 1099.66 -254.295 -3882.48 -3734.12 -3623.03 -3901.77 -2920.09 -732.402 1342.53 3046.16 5248.15 4662.15 2997.65 1405.63 458.632 -2234.08 -5223.79 -6438.02 -6066.97 -8966.26 -11894.9 -12588.2 -13183.8 -13592.5 -11639 -8458.03 -7015.08 -5519.65
1088000 -5435.15 -2583.3 -705.177 -2125.07 -4833.71 -4567.3 -4588.16 -6371.57 -6298.78 -5894.77 -5815.64 -4177.98 -108.326 2301.08 459.78 -78.4345 1068.58 781.524 4609.65 6830.56 7444.95 8283.84 8963.48 5719.58 5639.2 5744.52 2839.58 393.522 -484.614 -2126.9 -2797.77 -4544.94 -6630.97 -5615.31 -3777.04 -3905.37 -3689.52 -5284.33 -5052.95 -1209.11 1821.12 4071.42 7700.52 6876.24 4641.7 4259.74 2658.5 1476.98 1756.28 1412.71 3030.3
1090000 1488.81 -1161.81 -3199.72 -4494.33 -3738.8 -1610.01 1412.22 4885.16 5665.33 4438.43 5756.02 3580.97 -1595.56 -3369.42 -3577.21 -5675.65 -7899.65 -8583.45 -10221.4 -12297.3 -11192.7 -10456.5 -11327.3 -9697.27 -6108.07 -1121.16 2527.45 4078.73 7816.85 8623.99 7385.83 6423.57 7658.77 6127.19 5968.42 5514.45 5519.42 6012.51 5973.61 5064.74 4393.25 2810.72 1712.91 2062.68 2106.02 746.541 437.942 1474.98 1085.62 -684.761 -3466.19
1092000 2409.72 1990.83 1135.17 730.142 -473.638 -1357.87 -3126.1 -5173.04 -3915.08 -1018.78 -980.598 -2250.13 -657.203 -110.479 1956.26 3256.68 4019.17 4134.14 4122.23 1407.15 293.274 1103.26 1661.58 3443.59 2126.27 -809.581 -802.171 -1951.92 -4631.19 -4406.58 -4374.68 -4790.89 -4112.63 -5761.34 -9384.71 -9232.84 -5272.08 -2901.19 -3269.34 -2661.61 -792.746 -976.243 -442.057 3783.3 8346.6 9791.71 10917.4 8605.2 5945.6 4163.44 5007.94
1094000 2644.04 1638.73 4281.92 5503.74 4850.5 4108.13 3942.99 4478.31 4758.92 4168.5 4683.32 5495.04 6558.21 5273.15 2657.27 3363.41 4417.39 4302.4 3486 2593.64 1263.58 1189.28 1004.94 281.625 581.022 -785.957 -3653.13 -4344.4 -3417.85 -2886.16 -467.011 2542.72 5188.7 5191.4 5196.24 3601.96 877.924 -1759.26 -2042.94 -3370.94 -4212.06 -5347.5 -8316.27 -10402.1 -10606.9 -10599.9 -11430 -11353.5 -7622.87 -6146.47 -10909.1
1096000 1937.88 -791.628 -1829.13 -1020.68 -1656.04 -2937.28 -3613.71 -3960.62 -6066.31 -8646.02 -8558.34 -8332.42 -8443.7 -6036.3 -3416.43 -2595.87 -1180.37 228.072 2297.43 6821.35 10580.9 8748.26 6132.86 4253.85 2927.56 2355.24 1193.15 2243.86 3035.78 2572.35 -7.9194 -2868.8 -4212.74 -2674.65 -437.523 1598.61 2269.96 2833.22 2705.54 3267.51 2392.41 792.33 679.403 442.581 223.294 -1641.24 -588.124 855.865 2180.81 4233.35 3144.66
1098000 1201.6 -3600.81 -5157.33 -4691.55 -2801.06 946.2 3353.74 2348.96 1960.72 1991.49 256.676 447.33 -539.047 -3346.37 -2802.88 -1144.58 -3370.6 -6189.27 -6008.81 -7220.09 -9355.92 -8453.98 -7570.45 -6405.31 -4046.21 -1262.58 842.402 3005.83 2169.27 -218.492 251.074 1171 2325.25 4704.28 5123.85 6364.57 7740.54 6062.63 3768.25 3287.6 4308.52 6528.3 7523.33 5489.72 3708.55 2604.51 2792.75 3058 888.073 402.521 -2267.8
1100000 1014.28 3214.9 3457.4 3379 3825.28 193.74 -2074.88 1448.8 2980.29 2746.58 4646.02 6913.42 7038.44 6882.01 4339.76 -1394.66 -2790.73 -3349.38 -4074.13 -3277.85 -2461.36 -2931.75 865.424 2868.92 749.006 -630.803 313.144 -950.874 -427.887 -461.776 311.169 -395.953 -4063.49 -5354.47 -6897.21 -8399.08 -10652 -10293.4 -8457.83 -5376.61 -4901.59 -2719.9 -422.061 2026.24 4752.74 6862.48 5153.17 4321.6 3899.45 1101.79 433.765
1102000 -1333.82 -1703.91 -485.163 -2359.42 -6213.26 -5791.41 -1896.8 -1547.31 -96.0086 4706.09 5742.05 4461.65 3468.5 2387.83 3203.11 5573.27 6869.89 7140.55 6748.75 4769.8 3958.26 4395.17 3197.54 1333.78 1149.73 788.847 -1291.06 -2874.32 -2228.97 -1980.52 102.3 1051.33 -170.078 -1840.11 -685.338 -1091.33 -2864.72 -1322.98 -874.907 -1427.94 -387.772 -2403.16 -3348.82 -3032.02 -6033.16 -5856.56 -2660.8 -3995.36 -5614.8 -1945.49 -1333.79
1104000 -275.308 294.895 -494.451 776.9 4567.63 3570.94 1028.86 -1037.82 -2893.32 -4285.17 -7423.1 -9110.29 -10736.2 -7877.34 -4402.59 -2582.62 -2419.2 -1350.66 -1191.69 -531.093 1843.3 1333.92 -211.723 1148.91 713.795 1836.63 4680.41 4467.09 3638.19 4430.15 3253.27 1943.38 4619.53 5320.06 4200.44 6695.16 7311.16 8323.49 8963.34 4733.98 -170.28 -2888.84 -4373.53 -4550.18 -4166.59 -3344.83 -3945.94 -1198.77 907.993 -345.685 -708.812
1106000 4309.69 3017.28 1527.01 812.743 812.707 987.427 -1563.96 -3091.51 -5298.82 -5542.24 -5061.7 -4145.61 -688.351 -269.121 -1923.65 -1982.87 -628.801 -1765.5 -506.905 -236.822 -669.527 490.37 1257.15 -752.015 -3037.53 -3628.08 -3989.25 -3622.16 -5852.21 -8889.85 -7894.4 -5371.07 -3419.91 735.286 2751.89 2860.03 3550.81 3952.75 2706.76 3586.11 5374.75 6283.87 7926.63 8688.62 7113.06 4924.19 3801.26 3378.67 2542.5 2178.33 1022.92
1108000 9811.34 3019.5 2855.08 3653.78 4463.29 5599.35 7055.06 8606.22 9340.35 8368.2 8294.26 7978.3 6389.92 5206.77 2912.2 -1136.54 -3380.53 -2893.94 -4622.83 -5057.74 -3776.17 -3466.36 -2553.54 -1967.24 -621.936 449.209 -873.13 -354.06 2075.63 3892.26 4191.89 1487.17 -1646.56 -1435.88 -2806.91 -4875.89 -7254.19 -8733.59 -8039.52 -4815.3 -2804.07 -4975.81 -5810.67 -5883.39 -5112.79 -4775.4 -3102.63 -1845.17 -1641.3 529.069 -4167.24
1110000 -11149 -7262.71 -7101.41 -8098.12 -11578.1 -10724.7 -9363.7 -6544.73 -3273.78 -1015.95 51.5901 2140.08 3855.53 2532.72 3637.24 5852.58 6948.34 8438.47 8564.19 7740.43 5333.37 4828.96 3754.84 2848.21 3854.15 4740.54 3681.49 2634.11 3415.6 3049.12 735.365 -1269.26 -2006.46 -5407.28 -8359.48 -6273.04 -4746.76 -2633.17 -248.364 -826.72 -1878.85 828.671 3443.63 2222.23 3383.97 4310.55 3814.9 2393.73 82.9949 -2779.94 -28.7354
1112000 2091.52 911.664 1184.2 3426.17 5222.34 2757.44 2005.9 1272.69 333.937 -356.64 -2249.69 -5490.63 -7103.86 -5713.53 -3196.36 -3363.95 -4933.43 -5625.18 -7869.85 -7360.01 -6767.75 -6378.84 -6662.82 -3330.66 -317.882 -79.1491 557.987 3280.49 4164.33 4392.37 6852.03 9223.62 10020.5 10190.4 10032.6 8701.4 8962.14 7768.53 3982.15 135.959 84.0214 -376.842 -3245.11 -4118.52 -3569.48 -3003.69 -2863.45 -4838 -3620.38 -1348.75 343.985
1114000 3085.22 3948.04 5178.11 3831.55 2531.24 885.749 -2045.63 -3267.87 -6371.69 -8941.89 -8100.56 -5446.98 -2541.34 -1399.31 -824.43 1229.4 3538.87 3224.16 3224.53 3963.84 4208.37 3508.8 3231.05 1330.34 -2863.11 -4732.18 -6678.44 -9457.03 -10319.4 -10241.7 -11268.8 -9873.05 -7180.67 -5043.89 -3566.26 -3002.04 -1760.53 9.73985 1720.87 4746.52 6842.75 6174.62 6514.62 8625.89 8136.51 7528.48 6162.77 4491.66 5183.23 5551.44 3890.39
1116000 -2813.53 1999.92 4937.37 6645 7514.87 9127.63 10486.6 11305.5 10472.4 10021.5 9433.63 9009.37 7348.94 3442.92 -889.298 -687.296 -1765.23 -1622.06 -302.977 -1137.94 -1779.9 -2479.58 -4148.98 -5387.9 -4066.21 -257.51 2347.95 3062.13 3830 3813.86 2631.07 850.398 200.904 -128.851 484.577 -45.45 -1458.23 -3016 -3854.64 -5309.83 -5720.35 -6090.43 -8212.17 -8615.66 -10826.9 -11920.3 -11092.5 -8012.77 -6412.03 -3772.06 331.19
1118000 -1487.76 -8322.66 -12657.2 -13649.4 -11970.9 -10901.8 -10265.7 -8146.12 -8256.15 -6902.96 -4705.06 -4420.88 -3386.2 1840.92 5972.12 5432.78 5361.16 6457.86 7614.88 7462.3 7731.06 7091.05 7251.4 8990.37 9702.85 6438.9 4949.44 6136.68 5072.79 2995.12 183.536 -786.286 -2741.98 -5269.29 -7609.86 -7942.43 -5738.33 -2853.52 -338.205 1243.63 2635.75 3917.9 4945.67 4745.38 5237.84 5147.35 4988.37 4984.71 4282.53 1130.39 -5109.23
1120000 -5069.6 804.076 4920.98 4137.66 1936.26 3265.36 3529.08 431.161 1103.29 3575.31 3608.8 2772.17 1883.03 -1301.85 -5436.63 -6702.54 -8030.68 -11506.4 -14368.1 -13938.8 -14059.4 -11441.9 -8907.8 -8504.5 -7409.9 -2156.31 1193.48 2998 3981.52 4862.84 7905.84 11736.8 11050 11082.4 11207.3 11331.7 9975.26 5864.43 1986.75 -604.64 -1447.07 -533.628 2207.78 2576.27 2488.66 2132.9 -534.976 -4180.35 -5547.76 -4240.56 749.133
1122000 3793.92 5164.65 3272.21 4204.71 3481.85 -1634.25 -3909.72 -1943.02 -1889.58 -4801.82 -6323.89 -5707.09 -4054.81 -460.661 2263.07 2054.09 2975.93 5922 6584.61 6676.25 6515.57 5174.72 4588.29 5155.45 2702.34 -3049 -6966.68 -10493.2 -12760.8 -11354.3 -8447.98 -9587.97 -9868.09 -8323.78 -9086.91 -9773.54 -9244.92 -4797.7 257.987 2117.3 2690.12 1805.55 2013.93 3619.49 6209.08 6899.99 7791.56 10517.5 9939.35 8023.16 11004.2
1124000 -1998.49 1442.76 1227.3 278.452 2399.06 7413.19 10567.1 10183.8 9592.94 10655.3 10000.6 8151.34 4963.2 757.5 -973.181 1528.8 2021.27 2506.14 5276.59 5208.43 1341.05 -179.74 -2012.38 -5737.15 -4386.2 -547.594 1210.21 2017.85 3922.38 2649.78 1354.7 1800.77 2223.49 3152.3 4562.13 5253.5 4114.48 2583.93 -333.754 -3881.47 -6745.36 -8818.9 -11748.6 -15197.2 -17557 -14460.5 -10466.4 -10236.8 -10494.2 -7395.78 -2682.9
1126000 2965.25 -6066.25 -7744.5 -7075.82 -5994.85 -8456.32 -9449.8 -8477.83 -10166.5 -10661.6 -9936.08 -8838.52 -5712.63 -599.95 881.72 -1088.21 -952.302 602.555 1335.91 2655.82 7413.23 9391.86 10217.4 10610.6 7686.04 4376.97 4797.17 3766.18 2203.48 1728.71 -768.145 -2735.46 -1315.32 502.421 -405.783 -2099.18 -2943.93 -1953.29 65.4168 2027.05 2652.17 1952.18 4991.18 7354.5 7592.35 5026.54 3587.81 3549.07 3900.05 2085.95 -7572.34
1128000 960.072 1212.9 3110.73 1263.72 250.592 817.541 1209.1 1884.18 4877.99 6325.69 5785.94 5889.4 3359.61 -1429.99 -4043.88 -6138.93 -7900.27 -10876.4 -12934 -14263.4 -11949.5 -9727.05 -10604.5 -10682.1 -7229.38 -3050.14 -890.623 -356.892 -611.435 417.08 4023.83 6936.2 7253.04 6301.14 8093.08 9450.47 7383.64 4828.93 2486.41 657.739 2918.44 5550.63 6593.41 7046.01 4076.86 3179.85 1777.9 -11.0537 -2151.47 -1621.22 -1526.01
1130000 2086.71 1447.44 30.0615 -816.941 1122.24 1669.8 749.095 518.188 1155.19 1932.87 11.2956 -1745.61 -1191.83 1791.08 2825.55 2718.07 4418.13 4763.47 5042.89 6504.85 3748.63 -516.362 2634.98 4757.08 2989.91 -271.317 -2802.57 -2338.01 -1107.55 -2553.39 -5162.77 -6698.4 -7926.04 -10111.2 -11467.2 -11826.5 -8683.17 -5678.6 -3139.09 -1599.36 -1556.89 -2679.46 -3587.16 -3238.94 1364.4 6254.43 7722.67 9136 8964.5 7331.17 8235.5
1132000 -6282.3 -1954.06 -290.631 -30.1846 -994.626 -535.008 1889.56 2897.92 1754.99 2056.35 5228.72 7213.59 4918.04 2966.24 3434.36 4019.74 6083.17 6987.97 6280.67 4691.02 3384.45 2763.16 1226.28 171.135 450.075 -186.751 37.8005 1535.62 253.808 -361.858 2567.12 2249.01 2358.92 5180.56 4990.58 3343.41 4931.48 2791.84 -1643.15 -3252.68 -5746.49 -7207.94 -8141.75 -8598.69 -10747.5 -11564.2 -10624.8 -9229.57 -8194.14 -8221.96 -5714.18
1134000 546.77 2792.69 3101.19 3081.43 1108.11 -595.788 -3480.74 -5889.67 -8302.95 -9944.53 -10764.8 -8483.44 -6116.09 -6137.3 -4083.67 -3292.87 -5151.52 -5118.72 -3003.66 -364.758 1957.67 4626.19 5661.18 4134.26 3968.17 5257.99 1222.94 -3057.33 387.493 2365.1 1395.4 1065.57 2592.58 1332.45 2813.72 5386.72 1038.92 -2318.18 375.022 3631.04 2579.92 3184 3560.34 5172.64 5663.03 2783.56 -301.042 -1669.01 -660.049 2270.35 6209.62
1136000 2203.47 -1731.32 -2423.39 -1314.07 -784.044 -188.488 898.826 2896.92 2822.27 2062.23 1034.13 -679.183 -596.79 -153.022 -1368.38 -3533.14 -3427.55 -1183.43 -3359.34 -6717.68 -6531.78 -7436.56 -6930.28 -4692.97 -5465.77 -7880.72 -3654.39 379.382 -1508.42 -4573.03 -5161.58 -3359.6 -1734.43 18.4839 -1313.41 -652.975 3299.14 8891.02 7785.01 3941.85 4645.38 6831.44 7611.01 7332.31 4166.51 2826.93 5737.79 5527.12 4540.68 2949.13 -2057.76
1138000 1281.97 911.225 -751.253 -2343.48 1344.24 4580.09 4820.77 3544.19 4588.78 8570.26 8874.16 5708.06 4914.17 669.691 -529.38 3673.72 2513.85 -1409.56 -540.182 2197.45 1022.42 -2220.44 -2666.52 -2286.79 2045.28 5735.24 6670.68 4426.76 4032.33 5160.59 3914.09 840.287 -3933.69 -5758.11 -5643.92 -5104.04 -6941.12 -8822.22 -8738.75 -6174.7 -3728.47 -4371.81 -6079.76 -6860.07 -3133.65 -439.146 -922.426 -420.992 524.84 472.874 -1358.65
1140000 -2415.25 -4423.32 -1610.89 -1084.5 -4315.88 -8408.49 -6764.53 -3279.67 -2695.25 -3727.8 -2824.77 2569.73 7672.63 9275.67 7077.66 4656.52 4731.93 7141.48 6507.5 5251.98 4907.69 6568.96 7741.42 7075.23 4230.23 -639.832 -3390.8 -3185.93 -2988.84 -2245.98 -966.349 736.681 1474.67 -563.069 -2672.57 -2966.05 -2218.84 -1603.08 -1125.29 -1210.58 -1302.1 -1393.97 -597.659 -111.929 -1304.73 -1973.02 -1752.32 -1653.15 -2752.62 -4606.79 -7863.63
1142000 11353.9 6038.02 4913.5 4087.93 4373.08 3881.92 1490.12 -1906.53 -2854.02 -3864.97 -3691.43 -5675.51 -10572.3 -10928.3 -7369.23 -5859.3 -5659.14 -5844.98 -6502.56 -6801.45 -4519.51 -3895.01 -5932.83 -5007.13 -1050.62 1911.61 445.446 -785.822 477.282 2455.86 3492.34 4895.15 6698.46 7310.15 10819.4 11557.7 8553.31 5220.84 4431.16 3694.14 2370.82 21.5302 -1540.57 -731.433 -728.557 -1191.87 -2212.99 -3981.04 -3004.77 2572.59 3205.22
1144000 -3202.22 -819.217 -362.815 -459.441 -306.021 1383.23 708.029 235.607 -2541.09 -4450.74 -5922.08 -6019.7 -2478.98 225.359 -518.462 -307.365 1236.87 1729.16 2100.76 2343.96 771.316 841.981 3877.7 1406.45 -4051.57 -6041.67 -5033.82 -2867.61 -2497.41 -5846.05 -8510.95 -9206.86 -6807.26 -5411.42 -6999.55 -6155.06 1448.23 7795.94 9666.1 6675.47 2290.51 3551.74 6506 6431.33 5865.35 5977.07 6954.98 9657.6 9153.97 3727.9 2456.47
1146000 689.032 832.521 563.489 992.579 3598.77 5883.69 4924.74 5525.63 9796.9 13786.6 13586.1 11425.1 7669.04 4448.08 3408.12 2297.85 -586.351 -2415.33 -1794.21 -1090.15 747.709 -624.85 -5102.92 -3904.35 211.872 4229.45 7429.93 5924.67 1864.79 3385.72 7426.1 3626.7 -1156.79 -1140.24 1504.19 1035.68 -3593.73 -9704.67 -12798 -9253.47 -4741.81 -4774.37 -6706.02 -7798.67 -8189.72 -10033.5 -12672.9 -13358.8 -9081.93 -3666.04 -1986.44
1148000 -1542.06 -8203.43 -6712.62 -5572.35 -8711.24 -10563.9 -8772.85 -7584.93 -9777.57 -10697 -8517.68 -4605.77 3601.99 8439.88 5376.74 2789.88 4297.57 6459.88 8042.75 7078.9 4915.48 6875.67 9975.02 11088.8 7076.33 4532.75 2377.55 397.688 1580.55 -286.36 -4240.07 -1195.19 1194.41 -3715.52 -7934.94 -8591.09 -8102.28 -3271.63 -524.581 -529.961 590.813 5054.58 7394.09 5224.45 3319.41 3778.05 7395.32 9462.99 5157.9 -1838.97 -12096.1
1150000 3113.79 4962.36 3274.01 2461.47 5026.54 7194.6 5486.53 3553.3 3064.51 3708.25 4689.08 1296.38 -6884.58 -10923.3 -7396.43 -5523.1 -7440.88 -7274.02 -9757.74 -12088 -12736.8 -14945 -18075.2 -13800.2 -6099.4 -2715.46 -1160.89 646.79 3558.52 6945.13 8953.62 7708.37 7442.69 10591 12782.9 13537.4 12182.9 8930 5121.34 4880.48 2902.49 -2404.47 -4511.57 -3056.37 -1205.91 1685.53 -32.2839 -5606.54 -5669.85 -623.177 5279.75
1152000 5372.51 4668.98 4921.82 4240.77 -275.646 -4201.38 -4541.14 -3129.07 -3359.71 -6421.28 -9273.67 -7830.32 -2654.3 -1071.45 -2734.18 1048.89 5356.91 7042.06 6637.52 6911.15 5849.73 9175.03 11882.1 6730.16 -1566.49 -6681.9 -7697.79 -8486.44 -8899.98 -10045.1 -10988.5 -10412.3 -9154.52 -9242.29 -11223.4 -11559.9 -7063.29 -1327.15 2147.96 1996.06 838.89 2755.77 6618.11 8967.51 7498.22 3685.26 5307.56 11580.5 12371.8 8812.55 6534.73
1154000 2779.1 -1051.15 41.7675 1374.59 6602.3 10495.8 8789.89 6261.81 8346.6 12058.9 12587.2 10532.4 7944.42 7589.53 5673.19 2115.91 -1279.54 -3381.73 -4186.25 -1118.81 1658.97 -635.73 -3014.87 -2981.4 -886.699 1097.42 2874.5 1754.08 1108.63 3965.39 8432.29 8187.05 3103.83 2925.08 6429.39 8724.32 4817.41 -1885.38 -4693.68 -5642.01 -4791.79 -6452.94 -11013.4 -13592.7 -12592 -10875.3 -14640.3 -16473.3 -14156.2 -8482.45 -9993.11
1156000 -9862.48 -6400.69 -6667.62 -8622.8 -11430.9 -11931.9 -9567.93 -7368.94 -8907.68 -11940.1 -11749.1 -8465.47 -4185.99 -2079.36 -239.523 242.271 2900.72 6558.62 8542.26 6830.72 4637.31 4847.24 8318.15 10156.6 11978.1 10407.9 7323.2 8313.25 5489.71 -575.259 -6153.06 -4930.16 -3167.54 -1790.95 -4549.33 -8004.26 -7393.69 -4690.69 -1900.23 -1539.9 240.426 5465.76 9940.12 10544.4 6280.42 5122.34 7606.63 9645.55 6401.76 720.607 2186.57
1158000 -3518.86 -2933.42 -2306.18 1775.78 6377.64 7338.76 6098.13 4880.25 2644.93 5241.73 7785.11 6000.54 -306.918 -4415.38 -3919.71 -4930.36 -7359.19 -12369.2 -14811.6 -13309.3 -11787 -14051.8 -14743.4 -14603.2 -12444.8 -6589.32 -3798.35 -3064.82 1949.7 8273.25 10160.2 9059.88 7759.71 7957.89 7323.23 7895.41 8263.22 8433.7 8912.55 9085.05 5346.29 -251.75 -3816.04 -2144.55 902.034 2878.58 1816.37 -1823.97 -3676.48 -3662.88 56.7567
1160000 8959.85 10500 9373.16 4795.8 -1324.98 -5411.07 -6439.23 -2231.9 953.287 -1109.57 -4536.81 -2975.53 -220.913 -1618.31 -441.737 1683.58 4523.12 9539.72 11203.5 7583.23 6387.91 8669.82 9091.74 7715.22 1543.09 -3580.36 -3372.35 -2511.21 -7082.62 -10418.4 -9454.79 -7859.51 -7613 -9236.83 -11432.4 -11709.1 -10992.3 -8778.15 -8658.57 -6633.29 -2043 2752.46 5055.61 5922.05 6452.32 5937.67 4600.58 4633.26 8746.38 9981.84 10860.9
1162000 -8877.52 -5134.71 -3513.8 872.175 4200.21 7203.46 8595.76 8036.23 5065.1 6833.49 5541.12 2012.4 4686 8448.58 9881.76 8489.47 3545.98 -1684.18 -2625.89 2385.24 2734.89 -334.845 -2123.97 -2337.48 -1462.1 -1042.57 -2167.3 -2035.7 2425.24 5138.94 5661.06 4484.28 3676.99 3083.56 7111.49 9755.42 7266.68 4159.57 1089.17 -3278.58 -5514.53 -7598.67 -11112.7 -13077.6 -12833.5 -11623.6 -10596.2 -11707.3 -11794.4 -10366.1 -5559.54
1164000 -5267.56 -603.775 -305.371 -3495.69 -6856.67 -7563.21 -7453.66 -7471.11 -8463.49 -12602.4 -12530.3 -9387.37 -9631.13 -9426.71 -7441.6 -5043.42 -2828.79 1934.47 2126.08 1677.26 4396.49 5562.58 4800.94 4308.76 6654.96 8164.93 8944.76 7239.86 3023.06 -1048.56 -2465.98 -4776.17 -1751.87 2679.2 980.002 -1544.5 -564.643 445.144 103.332 828.902 1291.13 4548.53 9598.92 9571.33 4482.55 2912.28 5456.38 6058.09 5218.43 3076.93 4956.91
1166000 1286.42 -800.034 -3717.06 -255.106 3939.9 3350.12 1618.95 1078.31 2920.56 6377.46 6764.09 6216.88 4729.13 3696.11 -955.36 -5229.77 -6664.65 -7228.71 -6681.96 -7330.07 -9568.88 -8714.86 -6371.91 -9301.28 -9241.6 -7096.4 -7098.87 -6318.1 -2906.8 717.362 2117.72 3913.62 3461.43 1684.38 3020.97 3346.09 159.519 1739 6557.46 8803.84 10896.1 8063.04 288.223 -2361.22 2388.5 2134.54 39.3648 -51.5056 -678.029 597.881 2341.7
1168000 3286.91 6111.19 8763.28 5664.29 1474.69 1551.11 1075.58 1065.53 3810.95 3673.33 4502.69 5607.88 4417.42 1578.03 1658.16 3313.07 5019.61 5496.64 4094.87 1992.26 1774.12 1731.46 2905.8 5049.92 3686.94 1802.17 3186.65 2981.27 330.779 -1136.54 -4324.34 -5879.21 -6345.54 -6083.75 -9655.83 -10613.9 -7338.89 -7243.65 -8565.69 -8947.08 -8935.21 -6943.75 -3140.85 -2299.64 -2062.19 3003.84 5552.58 3890.95 2102.45 1977.88 2886.25
1170000 -14786.2 -6808.88 -6737.3 -5303.4 -2919.55 -2602.35 -1353.78 -233.111 -545.762 272.76 -47.7881 -1447.91 -1766.75 2113.96 6450.88 9977.01 7719.46 2487.06 526.59 885.022 2759.59 2068.52 422.564 1820.6 5167.3 3280.55 -374.722 -1289.25 -1333.2 -318.842 970.38 1611.95 1268.45 3217.95 5982.6 5053.02 3357.61 4066.24 3764.67 917.865 -2332.73 -4171.13 -4060.25 -2769.18 -2174.28 -4788.69 -7349.51 -4765.28 -3247.84 -5492.68 1046.75
1172000 2013.02 2707.69 3082.16 2007.6 -800.449 -3279.63 -3701.75 -3429.63 -6524.29 -6753.21 -5311.05 -4915.25 -5270.1 -7426.92 -11147.3 -11635.4 -8296.52 -5549.22 -4109.49 -2463.21 80.5855 2511.88 2956.13 242.342 -4120.16 -1822.05 1812.98 3399.02 4963.1 4440.05 3499.24 5032.92 5647.97 2545.03 3038.49 5740.14 7430.07 5177.54 2388.14 3507.44 3915.6 2966.67 2025.94 1446.12 670.819 834.108 -182.054 -1344.32 448.116 2621.92 6796.18
1174000 3249.61 1098.77 80.7559 -632.129 931.441 2350.85 747.117 2482.65 3648.26 1754.37 344.587 443.899 511.111 1484.55 3049.51 790.768 -1758.69 483.283 2226.57 1720.18 -986.956 -3085.2 -4188.81 -1352.19 -1295.35 -5381.6 -7494.91 -8251.43 -6574.3 -5858.93 -6025.67 -5613.5 -3888.36 -2023.45 -111.209 -461.582 -1955.59 -1572.75 952.3 4879.1 6842.63 5508.23 4644.27 3090.97 2145.04 3433.83 4007.18 4541.66 4989.15 3714.45 2420.96
1176000 -5993.69 -999.81 1612.47 4954.7 5650.85 6625.67 7421.83 5821.06 5108.46 6903.89 7223.19 5660.97 6816.77 6071.41 3443.5 4429.63 4094.43 -230.326 -1736.74 -300.244 -1878.14 -1322.05 114.678 304.191 2298.3 4822.28 5527.66 4375.92 1739.54 -1178.46 -1083.75 -504.13 -1433.15 -3177.22 -4921.4 -4027.72 -3651.66 -4951.57 -8698.43 -11749.2 -12492.4 -8654.62 -5961.78 -6091.78 -4011.47 -3509.12 -1830.7 1261.66 -1390.96 -4927.78 -1066.84
1178000 4678.1 -5563.25 -7460.67 -8952.23 -9762.15 -8229.19 -10494.7 -9145.34 -3560.37 -2392.26 -1057.06 -59.1884 -1162.98 519.135 3189.27 1800.46 2859.94 4535.25 3221.72 3754.98 5935.15 6799.33 5107.52 5222.81 4142.54 2186.96 1643.19 1801.27 1110.02 1309.37 1075.95 -1217.39 -1630.85 1300.17 389.992 -1751.92 -1264.58 -624.854 945.594 4061.08 3313.98 974.113 3017.08 5265.44 4039.74 714.817 -674.792 -2309.31 -1252.13 -79.9402 -10549.9
1180000 9709.49 4827.24 3084.05 1125.13 -256.109 370.804 2567.81 2515.42 -454.783 -1673.27 -2094.81 -4124.05 -5298.8 -7103.04 -11096.6 -11797.8 -10031.3 -8254.03 -7823.67 -7364.07 -7404.88 -4270.99 -1676.57 -4590.23 -5382.61 -1536.73 -780.311 303.316 4800.08 7268.62 7529.62 10469.3 9210.63 5784.67 7269.91 8808.4 7450.14 5724.94 5864.93 5659.5 4642.17 2808.66 -289.647 -3688.52 -3893.29 -3274.74 -971.947 703.762 589.493 1834.38 -636.72
1182000 8399.37 858.562 2200.95 2880.24 4253.96 2880.95 536.193 -3407.15 -3008.38 -2269.46 -2822.71 -2420.35 27.4259 2356.48 4464.38 6000.79 4646.84 5928.66 7332.06 4681.29 2893.84 1529.69 -664.099 232.949 -1241.43 -4981.28 -5197.83 -5367.66 -10049.8 -11348.8 -11433.4 -12866.4 -10699.9 -6308.52 -3244.54 -2814.54 -1772.37 -944.126 -209.181 -611.113 -815.69 52.0622 2596.85 7817.21 9030.75 9559.48 7602.51 5123.74 4616.96 4015.63 -4109.09
1184000 1592.99 -55.6387 1457.98 3173.78 4443.53 5606.68 8903.9 10936.1 9126.45 8943 8329.69 7669.87 7187.07 5997.31 5052.78 4279.71 2576.59 -1246.74 -2636.92 -2905.59 -2019.23 -1673.64 -1797.25 47.8084 1026.4 2215.07 1518.03 203.8 1768.68 3424.27 4746.73 5738.63 5769.52 3185.49 636.026 -2612.92 -4988.81 -4415.54 -5207.62 -7827.84 -8423.63 -7261.48 -8057.41 -11488.8 -13278.2 -11322.1 -9308.21 -6708.61 -5386.86 -5580.19 -8575.85
1186000 2017.01 -4033.67 -5257.38 -5881.24 -9066.94 -13318.4 -14492 -11887.3 -9054.88 -7578.08 -5914.73 -4009.18 -3709.2 -4247.16 -3357.61 -2598.6 1246.69 3918.01 6373.58 10159.7 9976.55 8001.34 6988.12 4748.25 3702.9 6178.89 5579.78 3774.29 4856.88 3436.22 946.101 -809.019 -2512.83 -3978.77 -4282.67 -3807.41 -1086.47 418.051 347.569 2537.57 4030.16 4578.78 6472.46 8172.89 8449.8 7230.76 3986.18 1160.79 913.769 1131.28 -4037.5
1188000 -703.424 -1852.17 -1644.74 307.874 2979.91 5813.18 7233.47 7566.65 5540.29 1661.62 -477.925 -522.688 -2463.14 -3959.19 -4383.98 -5702.06 -7222.5 -8006.94 -11459 -14158.3 -14259 -12512 -10738.6 -7412.56 -4549.2 -4466.59 -3734.07 -380.055 1802.46 4496.13 8285.69 8174.21 8651.79 9293.62 8231.92 8537.05 9034.74 8202.46 6870.13 6136.88 6173.5 4264.5 451.06 -2606.35 -2589.26 -870.667 -356.493 -1775.54 -2541.23 -2031.02 -2474.81
1190000 9182.75 5441.17 6013.63 6755.57 3600.64 1964.86 1125.27 -3123.2 -5932.13 -3437.27 -2434.99 -2644.06 -905.335 1227.78 2492.2 4340.67 4232.48 4209.86 7024.41 8946.27 6921.68 4371.8 4542.65 4886.16 3363.88 202.321 -1724.06 -3669.14 -6158.74 -8768.17 -12620.4 -13838.8 -11448.9 -9586.56 -8887.64 -8562.04 -9923.22 -7755.74 -5462.25 -7072.51 -5693.72 -214.665 3055.11 4748.07 7113.25 7237.09 7216.7 8031.2 6676.95 5198.05 601.34
1192000 -402.285 -2197.37 -156.695 -1242.23 1362.37 3855.26 4502.07 6798.39 9228.12 9035.7 9790.27 9857.76 7811.39 6080.65 5307.19 3675.26 3194.49 3537.24 1587.62 401.382 1238.07 1022.93 -2100.53 -4840.77 -6769.99 -5841.68 -1338.39 1908.49 510.648 1862.34 5363.09 6654.72 5787.99 4441.92 4539.56 4049.84 2827.09 -358.766 -1479.31 3.80914 -2133.97 -6308.76 -8521.09 -9954.73 -12796.7 -12793.9 -13366 -13097.8 -7784.73 -2798.99 -7528.82
1194000 234.174 -76.3275 -4467.35 -3919.95 -5877.77 -9560.46 -9101.82 -8677.43 -11638.6 -12913.7 -13012.3 -13080.4 -9163.71 -6714.59 -4172.92 -2118.13 -1201.18 -417.638 1804.04 3670 2987.41 5607.51 8404.59 6683.07 7216.73 7782.82 6291.71 4572.57 4078.21 3868.65 2778.06 3416.35 491.41 -2348.17 -2585.42 -3103.16 -2402.99 -1195.32 815.753 2337.21 3959.14 2940.37 4490.56 7250.01 7454.55 5478.92 6100.08 6999.3 5920.25 4322.22 5471.52
1196000 -6558.89 -137.881 2245.62 980.69 1517.05 3612.59 3964.63 2988.45 4283.64 5618.24 5781.68 5992.52 3371.48 1263.51 976.095 -1140.58 -5367.01 -6280.48 -7362.82 -10180 -11295.7 -14566.8 -14828 -8888.85 -5534.86 -5761.65 -3365.25 -2323.51 -1284.38 384.856 573.379 -131.585 3054.26 6797.65 7081.94 8910.61 9652.47 7778.6 6247.98 4813.76 2072.05 2729.41 4475.43 2928.54 2188.67 2709.58 1284.63 -2615.49 -7082.29 -9467.7 -6435.77
1198000 5486.08 3947.34 3009.4 3903.05 3642.77 3804.38 3447.72 2103.12 656.353 -199.169 -1820.05 -2011.85 -622.539 913.563 503.303 1623.31 5380.31 4823.04 3504.51 4891.87 7306.23 9260.95 9648.2 7805.34 5662.34 3551.08 1063.74 -544.27 -1168.89 -4003.16 -5538.28 -5083.21 -9274.68 -11992.9 -12710.1 -15134 -15663.4 -10407.4 -6542.6 -4935.92 -3487.33 -1811.09 -3221.63 -2510.39 60.8221 374.49 1921.09 4432.89 6804.19 7240.77 6900.11
1200000 -3635 -4103.96 -1964.87 -1142.53 337.506 708.906 -390.2 2582.02 5782.92 6468.5 7309.79 6984.84 5543.7 4758.05 1979.96 1142.9 3557.89 4408.5 3156.82 3536.43 2021.97 686.486 -1037.47 -4793.99 -6769.15 -4024.28 -1212.47 128.606 402.664 1062.56 1989.63 2174.2 3669.71 4787.64 5410.17 7741.42 7828.13 4310.82 1865.67 3582.1 1495.56 -1315.4 -2484.82 -4951.68 -6334.94 -8993.24 -11342.9 -11957.7 -9412.55 -5412.08 -7439.51
1202000 4581.82 2036 -55.3767 -1092.2 -1986.58 -3242.73 -5172.87 -8081.05 -11823.1 -14290.3 -15549.1 -13762 -11563.1 -7951.29 -3207.96 -2048.76 -5057.33 -5553.82 -3633.38 -2386.61 -1803.13 73.8567 693.05 3443.67 5606.52 4938.67 2546.49 2536.29 3661.67 3320.95 2356.03 2366.11 3817.34 3987.56 2477.03 2521.43 2560.39 1808.63 -1075.68 -1088 1612.92 3707.15 3771.78 4195.37 4534.1 5626.84 9060.27 11041.4 7458.37 3998.61 2212.24
1204000 3136.81 442.331 1001.67 -40.2094 -1712.83 -2009.27 468.983 2046.27 2276.31 5594.07 6660.69 4637.19 4378.45 5195.66 2535.26 1214.86 531.492 -971.051 -1840.2 -2846.99 -4041.7 -7538.3 -9275.85 -7147.96 -6401.01 -6266.26 -6648.96 -5241.29 -983.567 1459.29 -296.814 -628.616 -623.682 494.079 1731.61 3088.91 2846.9 2905.26 3405.02 1646.79 685.602 586.67 1594.97 2155.06 1811.13 1584.36 -597.54 -368.901 -1147.2 -1342.8 -4459.28
1206000 94.8785 1776.56 3613.48 3200.24 4127.73 5345.73 3907.13 3691.17 6501.27 7256.28 6219.65 6209.42 5245.63 1652.41 -484.891 2145.33 3988.14 4061.9 2436.8 -443.967 1953.19 6394.22 7629.31 5646.41 4267.66 4160.9 5360.7 3969.6 -1207.67 -4529.31 -3086.67 -2661.48 -5159.21 -8444.39 -11897.6 -12761.8 -12114.5 -10112.7 -6786.04 -4917.61 -4967.57 -6471.79 -5649.8 -4866.52 -3255.04 -352.137 -1600.77 -2323.19 2307.5 4875.96 5694.04
1208000 -9929.44 -7095.99 -6946.26 -3401.03 -1105.92 -2464.2 -2498.08 -1575.48 -2627.57 -633.103 1522.68 1427.26 1633.52 2637.07 53.59 -190.584 978.553 1070.82 1854.78 2835.15 2771.47 2074.05 2645.71 2547.65 2606.42 2101.64 2236.53 2329.48 1493.46 -498.836 -2818.49 -1737.69 -1325.54 716.604 2393.77 2870.64 3716.39 5901.87 4723.82 3632.39 2963.09 1341.44 -94.2277 97.9638 141.619 -2249.97 -4178.51 -3892.92 -6443.99 -8085.28 -2703.86
1210000 3117.62 3163 1614.74 -1276.83 -2331.26 -495.337 -1655.16 -3972.84 -5036.53 -8476.02 -10238.7 -9144.27 -9351.83 -7651.22 -4657.32 -5278.08 -8456.64 -8694.5 -6287.39 -4555.69 -3952.53 -4712.71 -4216.32 -456.897 2792.37 2534.97 1369.79 -173.875 896.096 4714.96 5539.23 3783.21 6709 9982.42 8992.42 8394.6 9274.6 6872.8 4546.21 4066.08 3267.52 4010.18 5674.18 2492.95 -2356.39 -251.806 3198.74 4458.47 4518.24 3614.03 3526.96
1212000 7418.32 5155.64 3431.11 2930.11 -698.149 -3618.37 -2983.85 -728.922 333.293 448.763 1609.16 1952.38 3825.86 4499.24 3632.42 1543.82 2188.28 3331.05 3112.19 1611.62 1294 1027.73 -1334.26 -6573.53 -10008.9 -7513.36 -6069.41 -5176.07 -4576.13 -4653.82 -3533.28 -3207.53 -5395.49 -6983.25 -2792.02 -316.091 -1705.93 -1536.14 -528.982 -787.141 -504.299 125.135 413.773 1422.39 2645.22 3317.98 4442.45 6172.19 5256.67 6109.18 6721.49
1214000 1643.71 -2684.89 -1002.71 1651.68 4712.59 6822.89 7039.71 6768.41 8926.1 10142.6 10011.3 8417.48 7698.69 8803.11 6821.02 5202.75 4059.79 1604.15 -803.592 -2051.99 -2209.2 357.48 2095.86 3592.86 2190.26 -74.2835 1131.63 1843.16 -1332.98 -1857.98 547.293 709.614 -108.154 -1364.2 -3487.82 -5969.86 -6551.97 -7463.95 -7038.28 -7067.74 -8559.82 -10113.8 -9636.6 -8379.62 -6528.24 -4927.7 -5897.22 -6899.5 -3638.48 -1377.37 -5536.6
1216000 -8042.62 -2597.41 -3629.39 -7111.39 -8739.41 -6787.77 -5616.01 -6713.55 -7301.8 -5742.78 -4132.15 -2657.61 -4978.62 -7141.43 -5010.51 -570.678 512.208 1418.72 4179.74 6283.23 5216.75 4973.13 7189.45 7983.12 10343.1 11193.1 7977.19 5366.57 3511.23 198.285 -3291.87 -5076.08 -2189.93 -802.935 -1097.97 -813.037 -9.19445 259.08 1077.19 54.3463 1456.33 3630.48 4329.18 4513.44 5562.73 4678.85 3036.2 491.746 -2086.32 -5282.11 -2626.74
1218000 -2960.04 -2665.74 -2060.2 1578.81 1393.41 107.305 2193.34 3560.06 1300.79 119.102 -1258.31 -2077.15 -3279.61 -3584.83 -5607.72 -8725.83 -10045.8 -9608.8 -9033.74 -8611.89 -6678.83 -7715.67 -6783.39 -6669.27 -6280.5 -7145.69 -7104.03 -5185.46 1248.29 6246.95 8737.35 8773.47 8456.71 9060.53 10666.3 10902.5 11463.2 11866.3 12105.6 11845.3 9862.55 3949.1 -460.745 582.188 -653.51 -3918.46 -2511.11 985.427 -138.438 -1453.31 276.117
1220000 12196.8 9514.74 8452.71 4081.62 1321.12 684.108 -1860.64 -2802.58 -2736.15 -2087.43 -3143.4 -3113.37 -1625.08 -1222.16 4.55806 1516.13 4126.42 5818.9 6938.18 5421.86 5191.85 5647.42 4335.23 550.211 -1595.71 -1173.24 -561.697 -2322.29 -6024.65 -9694.78 -9686.44 -6761.25 -6649.71 -8124.94 -8861.45 -6463.46 -6355.56 -8604.22 -9783.83 -9310.41 -5117.67 -373.749 3531.18 1902.41 3159.47 7935.34 7551.49 5748.24 9615.39 11254 5561.61
1222000 -7665.57 -6922.95 -6097.13 -243.016 3935.7 4399.09 6437.11 7103.68 7410.92 10096.8 11302.7 9916.24 10168.6 12756 13014.6 9328.68 4985.27 2293.79 883.655 1178.51 132.372 -3239.46 -4276.82 -2525.74 -2337.61 -4051.96 -4697.03 -1621.83 66.9999 482.428 587.613 871.418 1807.72 4344.99 4819.7 1520.24 -1059.32 -628.582 -2611.9 -4442.44 -6986.17 -8312.83 -8738.2 -7620.48 -8631.4 -10753.9 -9841.68 -7179.27 -7665.37 -8458.83 -5591.24
1224000 5012.75 -579.347 -1395.62 -5287.09 -7620.15 -6439.91 -5966.36 -6609.15 -7914.15 -10630.7 -10674.2 -8635.37 -8599.31 -10629.1 -11025.6 -6625.4 -3317.61 -2033.08 333.195 1762.51 4110.18 7832.02 8893.74 8919.28 9308.84 11044.3 10876.7 7792.53 5695.92 5602.79 3587.95 -113.361 -1250.42 -3398.39 -5078.49 -3434.23 -2654.75 -3598.54 -2583.82 1066.37 3795.21 4625.55 4932.09 5328.69 6578.25 6797.76 7346.73 5532.85 3796.12 2785.43 -3126.59
1226000 -1459.43 -4187.53 -2716.53 -730.914 974.922 40.2247 -1132.92 3807.36 6989.1 5881.46 4583.62 3806.04 1078.16 -786.657 -3479.56 -5516.6 -5496.34 -5403.8 -5911.51 -8533.21 -10038.2 -9948.96 -10085.6 -10321.5 -8792.75 -8197.54 -8246.97 -5004.35 -1429.2 455.837 2508.48 5415 7121.55 8169.53 9697.14 9066.82 8765.19 10840.4 12590.1 10899.9 8935.25 7011.97 4223.18 3349.3 2941.56 -422.244 -3524.46 -6337.39 -5466.82 -5255.4 -6750.57
1228000 10575.4 9874.54 9050.41 8642.49 7683.14 6575.48 4256.25 -266.812 -3212.93 -1613.31 -2377.04 -5053.32 -5698.61 -2576.89 -910.011 1706.61 3672.22 2234.69 3202.14 5670.7 6497.29 5690.09 6704.8 6806.88 5574.19 2064.98 -1526.73 -2148.11 -3282.34 -3755.09 -3405.73 -5127.78 -7959.2 -10468.9 -12276.2 -12927.2 -9811.56 -10588.1 -11367.2 -10716.5 -7845.96 -4832.02 -1931.33 -1643.48 443.685 5779.9 9929.52 9342.47 6133.18 6961.69 8859.12
1230000 -9554.9 -8405.31 -5416.49 -3859.89 -2515.39 -136.178 454.437 2862.95 6388.52 7228.4 6638.97 9809.6 9448.15 9170.09 10501.2 11530.2 10334.8 9603.4 6491.43 3134.2 993.832 -2412.42 -3695.51 -4059.17 -4589.52 -4755.23 -3847.39 -2529.78 -1183.96 -1124.33 -1044.87 514.058 2977.98 5406.5 7150.21 5936.47 3167.96 2170.52 2078.23 -862.521 -4709.02 -4396.6 -3627.01 -5019.13 -7483.48 -10565.5 -12829.9 -10993.6 -9321.31 -10465.9 -13043
1232000 4691.24 1292.07 -1881.76 -1154.37 -630.954 -2174.3 -3950.32 -7194.7 -9794.73 -11678.1 -13031.1 -12132 -9545.37 -7869.29 -8795.29 -7703.65 -5267.8 -3416.05 -1698.92 242.589 3691.25 5188.79 5262.13 4376.3 3650.65 6015.03 10698 10129.2 7656.2 7149.41 7717.03 6167.15 2354.04 -226.221 658.568 1.55125 -2077.29 -3524.11 -4050.23 -352.932 3341.64 1729.3 405.127 3024.6 4326.18 3612.45 5993.52 7861.58 7252.21 6728.92 8095.17
1234000 1912.95 -1121.62 -589.494 -2856.15 -2950.66 -162.358 2043.94 2940.24 3531.89 4450.98 6448.38 4532.38 3479.59 2690.35 831.832 -1921.98 -5768.36 -7073.18 -5075.63 -5167.17 -7856.87 -8703.37 -9987.98 -10364 -9514.87 -8762.11 -8471.91 -6974.98 -2912.96 -1929.01 -2495.18 -2342.62 1192.81 3208.9 3578.98 3961.97 5448.78 6202.33 8358.9 10641.5 10248.3 10948.6 11655.9 7088.64 2587.19 1924.07 918.489 -1099.15 -2129.67 -3645.57 -9223.62
1236000 -1263.56 5768.03 7011.72 8269.96 7587.99 6715.53 5827.27 4856.64 1625.95 645.766 1029.44 -2264.44 -3629.23 -943.108 987.399 77.3324 846.56 1884.17 2177.28 2414.29 2403.98 4460.21 5000.71 5966.34 6061.19 5584.72 4681.29 3061.08 822.427 -3335.6 -4829.35 -5027.18 -6141.14 -8513.23 -9261.28 -9355.04 -9217.04 -8282.19 -8638.46 -9609.94 -8876.84 -7188.61 -5839.02 -3342.36 -75.7517 614.311 2.80646 1392.43 1208.68 2158.02 9610.93
1238000 -8607.17 -8556.16 -4843.42 -2503.4 -4529.74 -4611.43 -3677.14 -1354.27 2346.98 3335.82 1450.04 3128.24 6535.04 6101.39 6799.53 8846.78 10848.3 10199.5 6689.16 3867.65 2811.69 2793.26 2215.46 1726.32 -686.674 -1704.13 -423.05 -2300.34 -3988.37 -2152.47 1297.88 2082.07 591.629 -270.671 1235.93 2621.65 3592.34 3856.29 3368.1 2316.23 1003.23 -3159.9 -5910.48 -3908.13 -3095.54 -4779.38 -7596.26 -9248.62 -8602.05 -6069.48 -5804.14
1240000 8191.86 9133.54 3943.02 -133.879 348.149 -2194.32 -4559.47 -5273.47 -7076.15 -7669.14 -5984.55 -5257.02 -8393.81 -10533.5 -8388.16 -5823.55 -6311.2 -6755.35 -4517.58 -1920.32 -2914.08 -3438.53 -2613.82 -654.742 1877.38 2773.55 1958.23 4173.02 8494.54 9006.51 6890.23 6493.38 7766.77 7136.59 4351.96 927.251 1116.22 2274.15 3052.45 2458.88 1675.56 1556.94 856.257 -1135.82 409.622 2866.39 2977.32 4847.11 6522.69 4132.68 5273.93
1242000 5775.58 -1114.32 -676.27 877.348 -1668.79 -3065.42 768.009 1004.29 -2474.97 -1924.25 742.588 2025.51 2926.75 4216.96 3631.53 1678.93 -327.221 -3104.46 -4886.63 -3188.38 -3141.06 -4643.38 -6272.87 -6231.39 -5060.51 -5691.95 -6453.04 -5096.59 -5348.75 -5538.12 -4094.6 -4450.6 -3059.94 -627.855 -46.3624 628.791 2590.71 3263.41 2148.52 2806.26 6253.78 7659.31 8314.42 7350.52 3281.73 3538.01 6009.68 4539.77 482.45 473.874 -3945.8
1244000 6908.22 -1235.7 1861.08 3774.81 5672.75 6266.14 5348.51 6836.63 10362.1 6968.99 862.548 1161.01 3086.53 2869 3111.48 56.5635 -281.439 3097.14 1786.19 322.943 1564.18 2650.79 2359.01 2161.93 2865.5 5878.87 6921.93 4557.36 2943.42 -417.269 -3352.64 -4769.77 -6362.11 -9039.11 -4614.19 -1085.3 -4814.28 -8054.8 -6948.53 -6878.28 -6945.77 -5286.27 -6072.87 -6805.29 -3751.37 -3293.82 -6890.95 -6482.56 -272.226 2951.17 -8580.67
1246000 -9442.89 -5038.82 -5050.82 -4474.39 -4209.35 -3427.29 -1964.79 -3625.28 -4590.39 -579.779 3493.97 3529.07 2592.2 3147.98 3114.67 2548.85 3924.13 2717.33 2986.43 5160.06 7248.97 6382.65 6066.32 4931.29 2829.95 1601.59 2296.53 2163.55 1112.33 836.454 1437.46 1266.77 -155.848 -1087.61 -3169.14 -4820.29 -1648.6 2788.7 3056 1136.25 1082.58 -138.632 -369.275 -1042.02 -3401.07 -5346.32 -2527.99 -1300.68 -4794.66 -5244.78 -810.548
1248000 4407.96 6094.58 2573.03 -754.361 -814.63 -2138.76 -4957.37 -5755.22 -4223.47 -3208.19 -2253.58 -2596.82 -5785.71 -7410.96 -6190.24 -4354.63 -4757.45 -4945.64 -3126.65 -5584.75 -8397.31 -7132.55 -3873.09 -1965.41 -216.004 -28.1213 -2896.18 -2290.49 295.907 2370.95 4104.69 5097.32 8775.09 11259.8 7716.59 5141.97 5350.75 4851.85 5680.2 7433.11 4055.61 1845.56 2603.48 2838.23 3362.87 2748.44 914.761 338.607 1778.33 1433.5 1585.69
1250000 8631.47 3699.94 4017.64 3449.36 1694.02 477.649 1247.46 355.457 -1783.71 -3775.23 -5917.94 -4729.02 -1487.82 833.426 -887.426 -2855.47 -693.41 659.481 677.186 -2055.77 -2705.48 -2547.59 -2789.72 -2944.88 -3443.54 -2604.23 -2243.55 -3675.45 -4252.41 -4748.75 -4245.9 -2755.13 -4231.09 -5409.15 -1596.37 1776.78 784.962 -787.319 -2610.58 -2625.54 -618.287 -1428.81 -2582.2 638.377 5773.98 8900.57 10299.1 9481.96 7739.91 6548.63 821.716
1252000 -5851.37 -4550.37 -1980.45 -1328.6 -2006.51 2156.36 6492.62 7992.99 8880.82 8308.25 9688.27 9956.47 8201.68 7899.95 8643.06 5394.63 4571.46 4709.67 3152.55 3123.4 4909.68 2312.82 -1039.26 391.845 512.418 -1990.53 -2624.29 43.3017 234.696 -643.971 -1673.65 -1630.35 -2552.35 -1740.12 -1050.14 -682.136 -2175.5 -1786.12 -2317.89 -3951.81 -3894.31 -4336.05 -4748.5 -5458.26 -8657.93 -10370.7 -8174.05 -5814.62 -4219.49 -3631.65 -4333.25
1254000 -2036.85 -408.132 -2489.11 -3143.54 -2611.14 -3977.92 -6082.46 -6198.14 -4390.1 -1559.55 -1033.58 -2490.99 -2731 -4681.27 -5863.99 -1480.38 -1395.12 -4659.29 -1492.17 5495.88 8424.08 11431.7 12341.2 9122.56 8137.78 8815.95 8564.09 5619.47 3321.71 2187.96 1176.19 -254.347 -1676.09 -3205.9 -4408.67 -3874.1 -4309.2 -5948.76 -3551.96 -1375.84 -2023.18 1188.91 4647.27 3075.59 1259.45 562.903 -1783.7 -2732.66 588.351 542.925 2740.21
1256000 -9085.26 -5575.33 -5356.95 -275.717 2391.32 160.7 -602.291 1340.41 1430.55 -705.752 -1393.76 -970.294 -377.569 -299.849 -627.202 -3187.44 -4866.73 -5810.2 -8343.14 -12572.4 -12388.1 -9240.19 -6422.96 -5166.96 -6247.12 -7391.97 -5212.52 -2499.09 -3603.07 -2991.9 -157.806 3110.42 5275.38 8915.61 10033.7 8849.15 11661.1 12990.6 10486.7 8882.88 8535.45 4844.51 2251.22 3721.6 4217.07 1997.81 2279.33 1474.75 -3549.19 -5297.98 275.39
1258000 20175.8 12743.9 11133.4 4830.44 1298.94 2501.16 -293.156 -1961.32 231.68 -6.86948 -3141.74 -4567.52 -7333.59 -9357.53 -6285.54 -2699.2 -1293.2 2626.33 5353.86 4299.99 2276.84 -1336.71 -684.55 585.559 1556.84 3125.35 1667.66 -3122.07 -2024.34 -452.582 -3064.94 -4398.8 -4575.74 -6393.32 -4232.69 -3170.94 -6997.56 -8979.89 -6653.13 -4952.92 -4772.28 -3228.72 -2100.41 -2642.41 264.213 5880.4 9025.5 8290.9 9717.52 11727.7 5685.37
1260000 -11305.3 -9127.49 -5195.74 -3141.47 -4435.64 -3906.08 2086.75 4921.54 3329.02 6433.92 9573.72 11567.3 15356.3 15580.3 10849.8 7599 8889.38 8025.3 4675.59 3924.92 5671.56 4345.52 609.268 -2614.39 -5427.62 -8520.63 -6189.93 -2261.58 -1362.79 76.8108 3338.22 3443.66 1596.98 2769.39 2814.18 -1243.89 532.266 3760.44 2666.22 -714.14 -3938.79 -5283.77 -6130.13 -7160.09 -9403.45 -10180.2 -8969.99 -7227.58 -7595.51 -10336.9 -9744.35
1262000 6588.1 1279.03 -2147.87 -2312.04 -49.3407 901.782 -4081.9 -7560.92 -7877.22 -8018.68 -8112.97 -9241.03 -11256.4 -10446.3 -4490.85 -1144.2 -2850.86 -5120.22 -3134.43 -973.08 1302.26 5439.83 7699.41 7815.86 10915.4 14440.2 12872.9 9924.94 6280.93 2703.49 1086.28 728.401 1288.84 724.577 280.495 86.372 -2902.06 -7999.68 -8681.62 -5753.79 -2878.78 -259 2165.97 3795.95 5599.8 5855.07 709.641 -699.69 2897.7 6872.82 5170.53
1264000 -9264.18 -6080.86 -3910.21 -1019.52 -118.656 1509.96 2650.2 5621.15 5694.4 2066.15 1111.65 2122.34 3265.05 3378.06 -832.445 -5603.94 -7639.17 -6810.46 -5657.46 -5784.3 -9061.57 -11011 -8552.67 -9495.27 -13101.3 -11947.5 -8471.38 -6465.8 -2800.43 -1723.23 -2752.61 -1844.46 1510.55 2197.58 1456.37 5115.59 12180.5 15406.6 13976.1 11173.8 10489.4 10044.8 8742.49 7794.94 3576.75 703.254 3999.74 4982.84 -1475.21 -5660.97 -3956.8
1266000 6407.8 11155.9 9523.38 5312.01 2200.8 2106.54 3200.83 3825.25 3388.96 2396.67 1289.73 -72.8207 -3945.04 -5413.92 -4586.91 -1049.09 713.162 1373.02 1063.58 2414.64 5425.19 4183.49 1242.05 5024.34 9352.71 7246.29 2878.54 -1556.2 -3239.29 -877.189 831.646 -3781.16 -8768.17 -8112.6 -5571.55 -8328.54 -11962.4 -13862.4 -11008.3 -6035.34 -2882.53 -3046.35 -4450.74 -3407.26 -393.524 1774.21 1559.51 2443.51 4646.64 7014.32 14694.3
1268000 -11255.8 -7603.85 -3768.33 -2671.38 -1622.19 -2621.55 -2763.08 -3422 -717.192 2197.11 2504.12 6445.08 12368.7 12922 9199.28 9503.84 10465 10432.4 8712.75 3842.98 468.14 2890.56 4309.16 -63.4356 -4211.17 -5599.26 -5469.26 -1557.77 809.121 -1351.72 -1097.05 3165.15 6506.69 4825.7 1875.6 1943.99 2522.22 2960.95 3208.62 -1181.97 -6668.84 -7372.06 -5974.04 -7209.68 -5331.56 -4866.24 -7589.27 -9395.22 -7768.42 -8892.41 -7427.06
1270000 255.451 1555.68 -2218.19 -924.152 409.632 -1942.14 -3271.15 -5880.39 -9347.45 -8240.55 -6769.17 -9815.37 -14404.4 -11102.5 -4424.55 -3421.07 -2620.2 -2399.31 -3574.22 -1458.28 1449.4 -698.655 -2485 1336.18 4780.04 6737.22 6987.37 5909.31 4662.67 5358.63 7199.31 6231.48 5146.28 4542.33 2215.8 1688.54 2652.26 1630.01 -1319.42 -539.738 1562.41 -1919.42 -1678.62 535.544 2105.26 2807.45 5049.99 4897.92 3729.99 5657.68 11341.3
1272000 -4035.49 1107.56 3794.21 404.029 -1405.92 -668.178 -10.4562 3183.08 6303.8 4134.8 -207.766 1828.27 2962.72 -271.236 -3143.8 -3062.91 -4902.21 -5128.95 -2304.17 -3626.35 -6621.38 -7632.21 -7975.4 -9563.4 -9499.02 -5897.02 -6302.81 -6012.45 -4179.29 -4330.04 -6037.68 -2596.83 -215.968 -800.599 -1063.91 1042.65 3421.88 7361.6 8961.48 6001.51 6815.12 10306.8 12656 9995.52 4127.82 956.705 2298.67 4507.88 4560.21 896.533 -1631.18
1274000 -2609.37 1859.41 1188.96 4311.38 7511.06 8938 8143.95 6310.92 1492.18 1165.78 3426.28 3990.69 3919.62 5018.17 3027.21 90.2837 -1555.38 -2501.04 -2000.15 862.1 6105.83 6463.81 5744.2 6188.97 5066.97 1978.36 2271.23 1405.14 -275.577 1310.69 1890.9 -4972.53 -9375.13 -8375.37 -6473.54 -6182.2 -9189 -12298.3 -10479.4 -6275.75 -2973.95 -3927.89 -5554.82 -4309.6 -362.991 -32.3674 -1358.99 -3615.96 -3263.26 27.8397 9557.51
1276000 -300.32 -5708.89 -5504.04 -5657.7 -5971.85 -5525.36 -2184.24 -344.502 1288.45 599.578 810.626 2336.97 3315.47 3959.15 3536.73 5270.59 8613.52 12000.3 10006.8 4224.13 1033.2 2654.99 4993.48 3309.51 1484.86 -799.014 2036.14 5012.39 2436.98 -3122.72 -4485.74 -1827.7 1821.44 2932.04 3499 2627.76 971.579 194.444 457.633 -2012.39 -1947.01 158.199 298.799 -1812.86 -4131.53 -6758.85 -8781.76 -9690.38 -8824.61 -7132.46 -9977.95
1278000 8928.5 948.507 493.787 750.926 1240.31 -87.996 -3833.01 -7574.18 -8126.24 -5647.97 -6658.67 -9523.16 -10953 -9353.23 -4773.03 -2487.77 -4664.77 -8036.08 -5630.83 -133.825 -343.57 -3886.06 -3994.4 -3913.9 -1232.44 353.752 -306.506 -873.122 5039.62 9372.03 8209.73 6909.68 3969 1261.44 2451.71 3866.25 4626.86 5925.04 7239.77 5954.94 3134.9 -1461.66 -2375.65 -1582.1 1103.91 6001.57 8615.25 6936.49 6079.49 4604.19 -2283.43
1280000 2009.94 7537.54 8499.33 6726.49 1993 -1976.96 -556.863 3466.23 3843.64 13.6736 -479.623 1340.39 2060.56 1242.43 -572.336 -1602.71 437.997 669.719 -2895.41 -7216.49 -7194.09 -7034.2 -6620.01 -5167.25 -4335.85 -4626.18 -2127.78 -3533.31 -8435.88 -8454.54 -3069.98 -21.0242 1374.31 2804.53 398.607 -2896.99 -146.466 230.234 -2469.61 -1363.46 3136.91 5233.4 6832.22 8178.29 5256.93 2515.58 3370.31 5009.13 4152.24 1029.98 3542.08
