# Time-averaged data for fix AVE_yz
# TimeStep c_stress_Au1[6] c_stress_Au2[6] c_stress_Au3[6] c_stress_Au4[6] c_stress_Au5[6] c_stress_Au6[6] c_stress_Au7[6] c_stress_Au8[6] c_stress_Au9[6] c_stress_Au10[6] c_stress_Au11[6] c_stress_Au12[6] c_stress_Au13[6] c_stress_Au14[6] c_stress_Au15[6] c_stress_Au16[6] c_stress_Au17[6] c_stress_Au18[6] c_stress_Au19[6] c_stress_Au20[6] c_stress_Au21[6] c_stress_Au22[6] c_stress_Au23[6] c_stress_Au24[6] c_stress_Au25[6] c_stress_Au26[6] c_stress_Au27[6] c_stress_Au28[6] c_stress_Au29[6] c_stress_Au30[6] c_stress_Au31[6] c_stress_Au32[6] c_stress_Au33[6] c_stress_Au34[6] c_stress_Au35[6] c_stress_Au36[6] c_stress_Au37[6] c_stress_Au38[6] c_stress_Au39[6] c_stress_Au40[6] c_stress_Au41[6] c_stress_Au42[6] c_stress_Au43[6] c_stress_Au44[6] c_stress_Au45[6] c_stress_Au46[6] c_stress_Au47[6] c_stress_Au48[6] c_stress_Au49[6] c_stress_Au50[6] c_stress_Au51[6]
1002000 -13181 -9070.64 -12061.7 -15365.8 -16673.9 -13057.5 -9164.28 -5465.42 -4006.2 -2060.16 -994.648 376.791 60.725 -400.52 1645.83 5255.63 6534.05 6584.25 7127.97 6628.33 8966.7 11251.3 10243.3 8114.98 7831.25 9419.54 10235.8 8705.52 4045.62 1552.82 -386.256 -3450.31 -5371.52 -6455.64 -6658.87 -5543.59 -1765.79 349.739 643.262 360.146 2040.2 4087.04 7024.34 5997.69 2997.55 -525.407 -806.006 -8.81412 -1495.15 -6656.99 -4772.86
1004000 7234.08 9167.7 11342.3 13016.2 13902.8 12589.6 12666.1 12489.1 11592.5 8885.19 7284.31 5183.58 1908.27 1707.85 -520.77 -3940.42 -9411.28 -14225.3 -14893.9 -10856.8 -10693.6 -11577.9 -10523 -8455.56 -5300.95 -4102.66 -6689.79 -8047.31 -5735.42 -2266.13 -4403.7 -6180.46 -5220.08 -3293.18 -1458.99 137.619 -1429.49 -1910.56 184.579 951.22 -150.913 -1513.9 1346.16 4132.68 3183.06 2161.29 2371.82 2766.98 3350.43 3507.71 2845.65
1006000 7298.53 8247.11 6331.76 3991.69 1050.82 -517.822 -1575.22 -2911.27 -4083.32 -6288.47 -5803.14 -3869.01 -1694.7 -322.954 -507.323 310.742 2330.34 4053.63 2471.68 66.9832 -587.075 369.831 263.406 -2044.05 -4591.79 -8311.2 -8037.91 -5516.04 -7504.92 -10732.5 -9470.36 -5176.6 -4089 -3433.99 -1453.33 -583.386 -595.018 300.42 1314.02 234.228 4298.55 6165.77 3315.07 2424.84 4091.38 5519.49 8243.7 7614.36 4877.43 7533.2 11145.7
1008000 -11413.6 -7574.34 -8199.04 -8049.36 -6267.96 -6416.09 -9348.6 -8519.41 -5467.3 -3543.48 -2458.64 -699.436 1566.55 2006.56 2779.65 4160.51 6368.23 8305.9 8895.46 7043.66 5636.77 3242.13 3548.89 2820.2 3403.34 4344.47 6425.78 9287.72 10115.8 11645.6 12028.4 11765.3 11739.3 10895.7 9072.94 8551.78 5247.89 1678.78 1779.27 -14.778 -4755.2 -8387.78 -12061.6 -13891.6 -13018 -11283.3 -11781.7 -11266.3 -6969.68 -4229.56 -1962.92
1010000 -7440.36 -1846.38 -1748.92 537.164 -1555.11 -3881.28 -2589.97 -2976.62 -5441.27 -4588.33 -2050.79 345.366 569.195 -1477.07 -345.39 3062.32 2236.25 -994.67 1241.64 4398.65 5810.93 4499.06 4159.93 4397.66 4413.43 5639.37 4059.65 2197.63 2703.74 2926.39 2244.08 1439.04 728.684 -741.664 -3178.86 -4770.22 -3633.81 -1507.67 -1392.6 -2213.58 -2672.04 -2133.43 -561.66 599.117 927.423 -233.41 993.949 1657.08 -571.262 -3093.77 3945.39
1012000 -4175.12 6220.72 7121.14 6579.27 7917.47 8748.72 8475.68 11424.9 12963.2 11205 7393.75 5363.93 1783.93 -1584.42 -867.797 -3576.59 -6688.9 -8866.65 -12390.6 -12657.8 -11839.2 -13131.8 -11918.1 -8510.29 -5994.77 -5622.88 -6895.83 -8823.47 -9697.03 -11895.6 -11249.3 -8891.01 -8086.69 -7959.49 -5950.24 -5542.57 -1551.44 1318.44 1996.48 4322.85 7183.2 10069.2 12230.8 11389 9943.18 8964.52 6192.38 2637.66 3013.02 3538.64 12847
1014000 972.244 -716.863 1136.81 3707.37 2421.43 2609.11 4044.34 4572.23 3111.85 599.226 -3315.88 -4291.9 -2585.16 -1151.44 -2789.23 -5485.4 -3954.76 -1261.18 253.951 -253.285 916.046 1377.97 3398.41 3709.89 1511.94 698.779 2113.43 3846.82 3586.77 2348.7 678.003 -2004.95 -5208.42 -6619 -4752.97 -2267.95 471.007 362.639 690.855 537.471 -324.013 -7.27408 -832.039 -1162.54 209.629 2243.22 2262.42 767.286 1015.14 1869.17 458.926
1016000 -4894.53 -7025.92 -9983.71 -12846.1 -12505.2 -10919.8 -11053.3 -11089.8 -11537.1 -8082.93 -3679.05 -1235.44 954.019 1865.43 4975.44 9447.2 10587.5 10652.8 13654.8 13055.6 10694.9 10753.3 9308.14 5411.41 4714.55 5395.83 3762.57 3527.95 6452.15 7851.42 8563.87 8254.37 9364.85 11894.7 10720.9 7819.81 3250.68 -35.288 -614.598 -1775.39 -2709.05 -3977.75 -7229.71 -9534.09 -9510.51 -11548.7 -11306.2 -9914.29 -10720 -9757.23 -8763.24
1018000 8943.95 4611.79 7251.28 6470.66 6747.41 5591.44 1483.29 -1664.9 -3332.36 -4509.09 -3426.56 -3821.21 -3300.86 -1254.34 -556.856 -1849.91 -1785.85 -1379.26 -2819.74 -2946.88 -3563.26 -3800.79 -4503.86 -4810.4 -5200.97 -3349.26 -1085.15 561.639 943.134 1962.48 3280.58 3258.16 5782.41 7309.42 4029.66 567.412 -1543.64 -2223.05 -2574.71 -4052.47 -5663.17 -5727.11 -2515.8 25.0109 -467.245 -1043.52 1857.42 5214.38 5882.13 6022.18 -1023.12
1020000 3217.82 3812.12 4100.52 4566.98 5293.76 5730.66 6578.11 5957.81 7187.22 8400.53 6988.43 4054.82 3272.12 3149.94 1815.36 281.665 -365.233 -1545.92 -2821.06 -5401.58 -6663.92 -7434.16 -10580.6 -12464.4 -11726.7 -9922.37 -10377.7 -13061.3 -14303.2 -14904.3 -12504.4 -10288.5 -12427.8 -14894 -10463.6 -5344.64 -2762.14 -265.862 696.697 3281.26 8848.86 10955.1 10467.8 11227.8 11510.4 12769.9 12332.4 11049.1 8917.52 7600.83 7663.53
1022000 -6513.37 -3057.47 -1454.95 -599.853 -242.319 2112.85 5467.52 7816.41 8380.57 7495.18 3175.2 1182.05 -778.477 -2970.48 -7064.29 -10372 -9830.2 -6319.58 -3571.38 -2786.79 -475.946 2200.67 5459.72 9559.76 11085.2 9319.01 9311.9 11198.9 12737.9 11987.1 7119.84 2788.91 2747.5 1145 -1081.76 -1933.26 -3351.17 -5670.01 -3275.18 -596.979 -3098.44 -3522.27 -1587.88 -1598.64 -4063.9 -6079.13 -9036.67 -8870.36 -6885.46 -8024.23 -7979.93
1024000 -5878.66 -12674.8 -16141 -16350.1 -15135.4 -12268.8 -10935.5 -13330.8 -12791 -11259.3 -7586.76 -3093.59 -2049.37 551.872 4048.09 9013.81 11263 9960.44 8879.43 10504.6 13048.1 14190.9 14379.8 11714.2 8311.28 8307.07 5696.01 3997.49 3396.17 2664.85 2471.86 3834.65 2851.08 3208.04 3989.84 3642.16 5538.18 6335.42 4394.23 3043.48 3660.11 1302.19 -224.225 -714.842 -496.148 -1511.27 -3157.51 -6827.01 -12223.7 -13879.3 -16858.2
1026000 20860.8 11603.3 13215.7 14702.4 13610.6 10381.1 5306.97 4477.48 5527.51 4485.83 211.322 -3880.33 -5394.37 -4258.6 -4101.4 -4061.46 -4112.2 -5184.83 -5134.3 -6438.74 -9885.48 -13201.8 -11465.3 -8657.19 -9223.96 -8202.72 -5821.61 -4249.9 -3050.2 -1327.21 1717.07 4743.46 6755.38 8359.97 6559.83 2985.61 161.491 -1210.98 -2481.79 -5401.77 -7999.81 -7609.94 -6160.72 -4081.84 -2026.94 -1966.24 -1136.23 3665.24 9946.81 12551.3 5470.58
1028000 8249.54 6660.4 6383.18 4585.13 1706.83 -362.078 -1061.65 -286.298 -461.669 -581.896 2605.97 5860.89 7786.19 5914.48 4117.86 4795.08 4205.23 4014.46 4061.35 3663.68 2225.16 -376.153 -6813.47 -12766 -14826.4 -14883.2 -14557.7 -15925.9 -17044 -14479.3 -10579.4 -8917.67 -9036.9 -12212 -10516.7 -3974.95 -1691.89 -1449.98 586.386 3167.4 4508.03 6388.28 7280.91 6310.26 7317.25 12697 16429.1 14905.4 12290.8 9662.89 8572.33
1030000 -11388.3 -7167.59 -7178.75 -5811.72 -2396.2 -851.668 2421.51 5896.54 5507.62 2996.59 2340.15 -528.57 -2395.53 -1485.51 -2568.32 -5607.13 -6544.81 -4858.95 -2471.41 -1928.96 -2467.41 -269.838 3195.93 9882.22 14768.8 13828.6 11918.2 14853.1 15479.3 13970.5 10295.3 6254.1 5975.28 8445.18 8623.24 2309.44 -3628.48 -2926.16 -2710.54 -5011.67 -4423.55 -5545.71 -8338.74 -6246.7 -8641.87 -13019.5 -13032.9 -10531.4 -9576 -9160.65 -4749.15
1032000 -12440 -12293.9 -12755.8 -15544.1 -13998.3 -8520.41 -7868.85 -9664.21 -9445.25 -8412.93 -5243.15 -1890.41 -48.3526 -1078.4 -1095.56 3202.47 5227.68 4194.49 3960.58 7148.41 9731.29 12562.5 14991.4 13330.3 9277.39 10758.7 11068.7 5860.9 2116.4 661.51 -1966.93 -3602.54 -2557.23 -4635.85 -3995.42 734.371 5457.6 5282.46 4798.42 5091.7 5303.93 6165.18 7571.1 5542.75 3292.33 4379.05 53.8334 -7908.51 -10788.4 -11618 -14739
1034000 14345.4 12219.6 12045.9 16137.9 14199.9 9678.12 9902.72 10812 11516.2 10660.4 5856.07 721.77 -1780.7 -1747.97 -3150.27 -6803.1 -10429.8 -10061.5 -10813.2 -12949.3 -12222.2 -11764.1 -12382.8 -10897.1 -8029.78 -9387.19 -10603 -7471.1 -5129.45 -4826.26 -689.877 738.529 57.887 1749.65 2813.42 -1085.1 -2127.19 173.254 937.739 31.7445 -1908.53 -3496.07 -4947.14 -1313.72 2858.66 548.506 -1541.95 4662.53 9488.46 12006.6 14154
1036000 6658.21 9595.79 6665.55 1983.67 -1544.24 -2075.72 -1356.34 -2321.61 -4827.24 -4920.91 -1061.1 3315.06 5023.98 5396.09 5297.89 5784.77 7692.67 8664.25 5869.99 4657.35 5316.89 2099.23 -2139.37 -6124.54 -10415.7 -10188.3 -9937.78 -12736.8 -12587.7 -10735 -9347.79 -6837.69 -5338.37 -7327.11 -8343.04 -3878.91 -167.054 -1145.81 -2160.23 -1445.96 -774.476 2014.27 3815.56 422.032 1341.44 7394.02 11690.3 12577.3 10436.9 9201.41 10705
1038000 -14893.3 -10671.4 -9933.95 -7044.16 -3970.59 -3606.52 -4987.71 -5304.86 -2563.81 -1644.58 -1933.11 -1020.67 -1194.06 -230.156 1108.75 1073.61 -1196.36 -996.02 3057.63 4927.56 1360.19 -589.483 1683.52 6440.15 10974.9 13674.7 11472.2 12657.7 16023.3 14897.5 11629.4 9949.41 11585.6 14987.4 14456.9 8175.43 3375.96 1553.05 -2291.6 -5163.19 -6281.98 -10736.3 -11742.8 -9532.46 -9404.67 -11475 -12248.2 -11145.3 -10706.2 -8209.51 -1432.75
1040000 -735.705 -8399.95 -8039.14 -8837.21 -6771.48 -6370.37 -4651.72 -2837.12 -4608.79 -6962.13 -5295.28 -2219.2 -1246.39 -1245.96 -2215.23 -788.955 1284.6 1424.08 119.195 168.685 4375.66 9166.46 9587.43 7535.42 4042.79 4407.99 7747.36 5851.59 -1268.48 -3349.32 -2025.39 -2824.62 -3390.46 -6052.36 -6789.67 -3409.56 509.882 3800.76 5026.48 5685.99 7265.19 8005.61 7045.23 4802.16 4500.65 3959.52 3205.1 2334.89 -1220.15 -6273.49 -17805.1
1042000 15433.5 11468.9 13679.9 14202.2 11608.4 10102 12622.6 12695.6 14607.7 17510.8 12636.4 4973.35 1500.59 -642.592 -4091.08 -6237.7 -9727.62 -11766 -10462.4 -10317.1 -10694.6 -11179.4 -13050.7 -10516 -6985.68 -8359.39 -10649.2 -9116.76 -7294.98 -6148.66 -5351.82 -6450.17 -6713.18 -5014.02 -1727.01 -1473.66 -4551.97 -4971.52 -18.2266 2320.95 2086.04 2158.51 5018.47 5819.06 4747.28 1753.59 -672.063 -2079.65 3685.68 10104.9 7843.15
1044000 1715 4932.66 1891.57 -1060.26 98.7511 -748.302 -2249.1 -3919.62 -6965.86 -8346.33 -4601.5 -2322.26 -1136.11 1925.11 4297.13 3819.1 4325.19 5897.56 5100.59 3630.48 3352.2 4375.65 5706.18 2643.03 -1024.06 -3307.72 -3144.2 -2574.2 -1194.96 -2171.58 -2039.94 -1138.31 -2583.33 -4693.02 -5759.35 -3555.38 249.395 1659.58 -1118.63 -3592.29 -947.585 329.493 -396.592 -1759.98 -1220.96 3086.53 7124.36 7011.25 3447.9 694.788 5380.05
1046000 -11058 -11034.7 -8985.89 -7689.74 -8472.01 -8435.73 -11038.4 -10759.4 -6105.67 -5084.46 -5700.84 -3513.77 -917.31 -736.79 2658.13 7325.49 7711.07 6567.19 7074.88 6340.36 2342.54 -1023.05 1368.36 3136.37 5356.85 8692.08 9398.04 8145.09 9273.33 11798.7 11581.2 10512.9 12501.9 15570.2 14305.9 11002.3 6332.5 3073.07 1435.62 -200.238 -4556.11 -9969.75 -9975.97 -9243.76 -9944.83 -10211.7 -10459.6 -8780.98 -7615.78 -8942.84 -10106.6
1048000 3011.03 3344.65 2967.01 3929.34 1071.49 -839.806 -21.1595 -1402.12 -4087.99 -3661.9 -909.575 827.593 355.793 -1241.7 -2406.44 -3095.19 -969.488 -227.324 -1328.38 -1315.15 1852.84 2857.65 1111.05 -530.884 -314.881 268.527 1136.85 2254.53 -747.407 -2323.45 -942.696 -518.172 -2473.87 -2711.6 -3218.39 -4689.76 -5106.97 -3608.97 -428.76 134.537 1804.85 4674.15 3843.68 1991.27 2732.75 3668.95 2795.48 3413.44 2141.55 1247.71 4314.94
1050000 7912.37 3468.8 5637.15 7592.72 9741.35 10502.6 12676 13272.6 13803.3 12894 10206.6 5419.03 3180.04 4129.52 1975.08 -3290.32 -6298.71 -8214.89 -8730.82 -8286.97 -8644.24 -8723 -7633.2 -7861.35 -8971.72 -10043 -11146.1 -9252.27 -7732.98 -8131.74 -10213.9 -9850.93 -10035.4 -11679 -11239.2 -7947.92 -5482.03 -3212.33 1059.82 5111.82 6993.29 9519.7 10979.8 8860.24 6233.64 6514.13 4320.53 2346.24 3072.33 6058.61 2822.58
1052000 549.541 226.23 -143.327 -2914.6 -1416.09 964.953 1538.32 1982.6 1783.31 -1288.76 -3718.52 -3848.82 -4429.6 -6377.77 -3933.08 726.694 1711.01 1441.38 1198.08 891.888 400.039 2422.85 3573.14 4138.71 5976.29 7115.5 7876.79 7150.74 7386.08 5519.3 2572.79 -519.322 -2317.52 -1669.18 -51.4429 811.204 1032.46 939.962 -2646.96 -5283.49 -3643.35 -3657.33 -2764.54 -678.405 -1271.03 -2482.38 -2167.41 -4287.17 -5057.49 -3801.66 -4263.92
1054000 -10650.2 -10588.3 -11425 -10876 -8286.97 -9960.09 -12485.4 -11914.4 -12274.4 -11397.7 -8615.27 -5320.49 -203.757 3694.25 5016.57 7188.32 8283.97 8852.59 8390.01 9447.62 8625.09 7747.29 6276.96 6177.71 3821.57 1294.65 1998.01 3032.16 4997.5 8506.07 8635.95 8444.1 9511.49 10263 8588.27 7179.2 6479.27 6806 5551.88 1843.22 -426.432 -2744.69 -4876.52 -4626.24 -2902.01 -5805.92 -6603.28 -4978.04 -5420.31 -9785.67 -10470.6
1056000 17571.3 10917.2 11584.9 9764.48 6062.71 4430.12 2255.85 -1605.37 -1186.66 1258.77 1111.27 255.443 -822.482 -4548.69 -5799.96 -4526.71 -3818.82 -1822.81 -445.833 -1629.07 -3741.13 -3881.86 -6737.5 -8593.48 -5585.48 -2731.59 -4015.48 -3663.45 -3503.87 -1914.77 2032.2 6170.31 6174.1 3936.19 2481.79 1129.06 -2143.15 -5873.87 -7307.91 -5509.38 -3351.68 -2073.75 -950.14 -2361.03 -3807.1 -2124.89 758.534 2953.76 7963 11760.8 7686.75
1058000 406.365 -796.587 502.409 4015.17 5798.04 5262.94 5248.5 7072.78 5491.13 3782.92 5205.98 4206.35 3265.31 6618.05 5516.63 -364.417 -710.18 889.493 -1547.78 -1807.15 -2794.4 -5161.31 -6891.07 -6410.7 -6756.69 -9288.01 -11061.7 -11182.8 -11075.5 -11677.6 -13094.7 -13427.2 -12618.8 -11345.3 -9779.81 -7818.38 -3819.16 -123.325 3686.79 5866.53 7208.03 6989.77 7604.34 7624.09 10035.7 10815.1 10951.1 10810.8 8040.71 3955.45 232.229
1060000 -6866.9 -3857.08 -1852.81 -3694.75 -2207.26 3911.27 7777.66 6854.36 5525.25 4226.21 2208.19 2418.98 -282.38 -5101.91 -5543.74 -3978.39 -4695.58 -6913.11 -6385.55 -4475.49 -3450.2 -847.426 4114.5 7593.34 10570.6 14662.7 14967.8 13282.8 11795.9 9102.48 5555.14 4221.54 3279.6 3592.67 3596.4 2777.84 1658.48 -1626.41 -4012.87 -5360.22 -4340.15 -3923.54 -2957.96 -3237.14 -3879.97 -4540 -7260.11 -8610.29 -11083.8 -10199.7 -8341.6
1062000 -5686.98 -11324.2 -14554.4 -15130.5 -13673.5 -15133.7 -15325.8 -12443.4 -8497.81 -6929.35 -7018.66 -5311.19 -2710.25 46.9203 3142.66 4660.06 5233.68 7678.22 8905.81 9393.81 12599.6 13225.9 12212.2 10748.6 6237.29 2180 2144.67 3012.55 3049.58 4065.87 3552.11 861.006 752.342 509.026 -1881.45 -1971.43 -99.9924 3081.45 5158 6081.99 5567.87 4133.35 2904.2 3921.82 2628.26 -2816.21 -6302.62 -3891.99 -2690.04 -4947.21 -10557
1064000 12217.2 15052.8 16487.2 15114.8 12802.3 9640.68 9167.51 7073.63 4336.87 5816.81 6649.04 2578.95 70.418 -238.808 -3490.81 -4052.44 -3808.66 -6219.31 -8363.69 -9173.31 -10434.3 -10598.3 -10627.6 -12913.8 -12612.7 -10152.6 -8238.76 -6694.61 -3808.18 -1216.81 3106.45 6351.11 6044.53 4593.12 4705.16 7150.71 4938.31 507.011 -4107.7 -6047.34 -7547.2 -8273.1 -8068.49 -8003.68 -5938.83 -1050.68 1910.07 1611.32 3529.84 7833.15 12059.9
1066000 7658.09 4685.15 5638.74 3723.56 735.015 -1495.86 -4202.65 -4923.46 -3383.44 -5087.27 -5553.21 -3140.09 -665.132 2743.02 6675.69 8059.08 7805.36 9482.84 10026.3 5423.09 1164.19 -532.216 -3115.72 -2704.95 -1408.43 -6338.75 -11722.6 -13596.1 -14577 -16064 -14357.5 -11771.6 -10631.7 -7589.18 -4635.37 -5787.55 -5683.86 -1977.32 1283.27 2964.43 3148.83 4307.23 6194.04 7948.85 9478.67 10087.6 12038 13311.3 12996.2 10409.2 4094.5
1068000 -6943.73 -8348.09 -7822.06 -3615.09 843.656 4096.45 5259.42 4241.99 2655.92 3409.93 6211.18 5839.87 3089.71 -1548.48 -5910.42 -7542.82 -7432.5 -8508.36 -7548.7 -2962.98 -341.725 273.101 4220.93 6665.96 4777.38 8830.37 15444.4 15672.3 14290.6 15290.2 13137.1 11435 10632.8 8176.28 6112.03 6147.5 4792.41 1223.66 -647.802 -1796.14 -2932.06 -5429.03 -9472.2 -12274.8 -11959 -13146.7 -13036.1 -11409.5 -14695.7 -14799.5 -15977.5
1070000 -12618.9 -9904.55 -11955.3 -14333.9 -14505 -12055.2 -10909.5 -8664.49 -3869.23 -2584.99 -3734.46 -3906.6 -2043.52 -1103.78 1150.52 2361.5 1810 3461.09 7533.79 7966.83 8189.72 10577.6 10366.2 10570.8 11759.2 10655.9 7665.24 6122.77 3196.5 -2445.06 -5693.92 -7532.45 -8081.33 -6348.98 -5502.88 -5892.98 -4500.17 -1920.38 1125.8 5170.47 7452.31 9491.93 12357.1 11913.6 7461.11 4402.95 2100.54 -1326.4 -1137.6 -2731.92 -2082.69
1072000 9713.86 11010.4 12488.8 14494 14163.4 12219.1 13765.5 13888.7 11157.1 8623.97 7445.76 4314.95 2003.81 2308.6 -839.857 -5726.7 -7256.51 -10898.4 -15903.8 -16319.6 -13217 -12198.6 -12491.4 -13004.1 -13974.8 -12919.3 -10098.3 -6803.06 -3919.3 -968.284 1719.83 3554.98 1266.72 364.255 2611.82 4797.42 2619.11 553.935 -737.693 -2889.78 -5782.47 -6423.45 -6217.18 -3841.25 -643.468 1052.01 1440 3255.26 5722.43 8189.32 11386.8
1074000 8119.24 6278.85 4209.33 398.184 -4026.27 -6116.09 -7890.93 -9614.42 -8144.48 -6762.78 -7108.85 -4026.05 -899.842 760.624 4220.5 9040.94 10811.3 11210.8 11652.8 9760.49 6922.19 4179.66 1501.55 -122.646 -2570.72 -6418.02 -8373.89 -9457.61 -10280.6 -9712.27 -9447.07 -8086.05 -4898.45 -3812.51 -3656.07 -2494.86 -1975.17 -810.978 -1926.05 -2830.97 -1913.22 560.994 2448.41 3111.81 4278.6 7382.18 10068.7 8800.41 6963.75 8154.81 8624.25
1076000 -7197.48 -6432.92 -5861.07 -4753.86 -2283.35 -1742.69 -2221.39 174.793 43.6754 -1043.91 -438.743 1444.56 882.654 -471.327 -2053.53 -1726.08 -995.233 -1166.75 732.353 1139.13 753.672 892.864 2223.67 3880.99 7821.97 9433.72 8325.26 8710.43 10354.8 12596.8 14123.6 13214.8 13750.8 14946.3 12328.3 7481.15 5414.16 4484.81 3123.24 1136.15 -2269.83 -6739.52 -12043.6 -14005.7 -14071.8 -14127.5 -13642.8 -10617.8 -9403.53 -10214.1 -10773.4
1078000 231.623 -6263.9 -7064.66 -4646.65 -4280.41 -4122.79 -4276.71 -5361.75 -3347.37 -1544.99 368.43 -376.09 -2165.48 -2919.9 -3750.02 -3917.06 -1108.4 -735.119 255.347 3115.06 6582.49 6463.63 6442.35 4723.79 4738.75 8188.13 8172.85 3834.49 495.18 -2756.3 -6046.71 -7399.76 -7546.71 -7793.25 -7348.74 -6142.58 -2362.01 -543.459 908.244 4322.54 6912.5 7252.69 7364.41 9621.37 8333.74 6534.2 3766.83 784.375 -1219.84 -1776.36 -6855.83
1080000 5736.11 4025.07 7384.26 10013.1 10553.2 12855.8 13632.1 13979.5 13225.6 11027.4 6839.54 4576.96 4918.2 3619.5 2542.53 -2734.52 -8512.12 -10263.5 -12761.4 -15076.1 -14124.3 -11455.3 -8911.48 -6769.89 -6406.27 -6145.73 -6122.86 -6319.46 -6076.85 -7784.5 -7601.66 -6800.96 -5057.72 -4675.87 -4432.18 -3081.53 -2581.38 -1672.8 -739.339 -1893.31 -469.266 4257.05 5171.06 3193.44 2747.21 3547.82 1997.18 2625.83 5165.22 5401.9 967.555
1082000 1779.09 5891.96 2406.51 -474.724 -3457.37 -5541.07 -4693.11 -4663.72 -6913.62 -3793.17 -587.59 -2346.88 -1715.87 898.869 2124.46 3502.74 4562 3920.26 4208.64 6016.26 6348.31 4977.71 1757.27 -739.288 -2533.32 -4531.58 -4391.03 -2719.01 952.196 2941.78 3737.34 96.6503 -3192.62 -2811.8 -1154.51 221.521 -153.696 -9.11721 -1078.07 -1103.15 -1154.64 -2594.42 -2428.89 -344.747 987.322 1111.92 1437.36 2688.01 1625.42 2931.2 10837.3
1084000 -4026.77 -4168.2 -6271.55 -10014.8 -10094.1 -8735.4 -10215.9 -8101.8 -7052.27 -8581.9 -8106.33 -4707.17 -2670.58 -2326.59 -217.897 4696.75 8269.3 10400.5 10091.8 6659.43 3062.44 2967.12 5313.6 5618.55 4692.36 4093.79 5218.4 8025.71 7812.03 7765 8566.9 9757.26 12129.4 13743.8 10344.4 7349.44 6104.03 3957.4 622.216 -771.987 -3984.84 -7056.1 -7241.48 -8584.95 -9602.36 -9712.1 -8073.83 -5922.37 -3661.36 -4570.26 -6404.26
1086000 -980.417 -976.074 1279.83 6273.6 8192.79 6174.6 1902.84 -566.385 -713.62 -233.624 -293.611 318.616 -147.969 142.993 -39.7729 -2143.68 -3435.79 -5446.55 -5056.83 -3239.28 -672.246 -1117.11 -1875.53 -2648.1 -258.437 1777.22 319.22 -2262.15 -3927.15 -2865.5 -1910.46 220.04 -1170.41 -3111.05 -1409.29 1357.29 -449.515 -1530.99 386.982 1125.54 1969.39 687.184 -1481.69 142.162 2937.46 3485.77 2766.79 2801.39 1445.95 541.526 281.475
1088000 5190.62 3657.05 6113.22 6710.97 4247.48 5264.11 7927.35 8522.17 9267.73 10186.2 9596.16 7290.73 3085 1047.31 -1430.38 -5165.15 -5344.24 -3995.45 -4239.63 -4541.19 -4040.75 -5997.64 -6718.58 -4816.9 -4296.04 -4600.7 -4914.27 -5029.49 -8646.72 -11250.6 -12333.8 -10369.7 -9264.43 -10089.4 -10515.2 -9615.29 -7040.77 -2925.38 362.408 3423.54 6361.21 10274.1 14745.5 12343.2 6741.73 5483.64 7043.97 5890.72 3854.09 3798.43 452.74
1090000 -7632.93 -2730.99 -4821.29 -4686.2 -742.584 1818.98 1880.23 2844.71 3433.18 1196.48 660.137 -1007.73 -1093.62 -1318.27 -2585.55 -3068.08 -2953.09 -1754.65 -765.733 -124.899 84.8764 422.813 3082.5 3783.23 5334.36 4516.59 3637.82 6243.91 9542.77 10176.6 8472.38 4981.86 1773.63 1528.84 2282.47 31.1196 -1548.6 -2158.9 -1901.88 -1322.02 -2218.89 -3372.9 -5900.47 -8102.13 -6007.69 -2851.6 -5920.44 -7936.39 -4943.91 -4416.95 538.124
1092000 4069.73 -6203.88 -8522.45 -9190.09 -10607.3 -12057.3 -11971.1 -12521.1 -12505.7 -12457.2 -11426.3 -7926.42 -1886.88 2330.94 5379.45 10981.6 13829.4 12183.7 9419.86 8070.28 8260.13 8921.64 8735.13 4894.03 1555.52 954.34 2364.78 1583.29 1486.93 3005.41 4484.52 3121.83 4049.31 6360.79 6867.06 5883.21 7764.14 7105.11 1399.6 -2355.05 -3123.69 -3878.8 -2409.74 1530.66 1218.19 -742.593 -1509.99 -2149.99 -4260.41 -4406.73 -12488.2
1094000 8179.57 11845.3 11527.6 11096.1 10478.2 8477.04 5355.5 5392.17 4367.14 2605.77 2470.51 1185.92 -2323.12 -4767.58 -3536.73 -3081.78 -4167.27 -3766.74 -6368.75 -7371.98 -6999.28 -7925.15 -8949.55 -7976.34 -7841.84 -7096.03 -4499.92 -3477.08 -1507.67 1296.76 3311.32 5926.43 8040.2 6222.94 3195.81 3233.33 623.643 -1800.01 -2128.82 -4028.76 -6558.29 -6715.39 -5083.18 -3850.19 -2212.57 -1921.39 -2215.11 -349.817 5056.46 8783.6 12573.3
1096000 -1556.24 -574.358 171.167 1175.06 -291.108 -46.0381 1648.7 1135.96 498.174 2157.82 3744.34 4097.26 5277.26 5634.56 4319.64 589.847 -845.693 1306.47 3939.38 4783.88 2639.91 -28.1223 -2976.17 -3482.74 -2940.03 -6467.38 -11506.7 -11330.7 -10152.3 -12456.4 -12680.5 -12034.5 -13749.7 -15323 -13284.8 -11363.7 -8302.51 -3063.92 1971.66 6557.62 10942 12636.8 12524.7 9827.41 7418.76 9796.62 12715.5 10144.8 6819.48 3055.16 918.4
1098000 -11573.2 -7499.49 -4906.05 -1976.68 2458.9 6380.15 8764.96 10182.6 7700.9 5333.5 3276.17 719.94 -1170.7 -4581.12 -8720.77 -9101.77 -6864.29 -7231.74 -6871.76 -5242.58 -4853.37 -3033.63 866.39 5673.81 9832.5 15000.7 19519.2 17758.9 13643.3 11684.7 9663.74 7716.99 6638.36 7125.62 6821.46 4805.22 1668.45 -2135.96 -4664.16 -5642 -5364.63 -5229 -5917.79 -8081.05 -8988.08 -10688.4 -11905 -11472.7 -12332.4 -11910 -8782.46
1100000 -5297.07 -10784 -13075.9 -14554.1 -12622.3 -11995.6 -15138.6 -15304.4 -12111.5 -11282.8 -10094.6 -5859.71 -2907.99 -667.958 4946.91 8949.29 9186.26 9743.12 10841.8 11039.7 12637.4 13437.8 12471.3 9317.31 4599.53 1275.41 -235.944 -998.956 -2120.99 -1519.71 -2108.24 -3078.32 -3416.96 -2978.55 -3020.97 -2195.97 611.968 4226.12 6610.3 7189.11 6617.83 5088.12 5007.28 7656.97 9166.82 5031.28 1059.44 976.555 364.77 -1667.71 -7299.38
1102000 18910.8 19057.5 18830.9 17195 13083.2 11193.7 11912.7 11674.8 8919.48 9691.11 9745.09 5291.59 604.301 -1338.69 -4576.8 -5974.6 -6589.46 -8065.14 -9413.85 -11718.2 -12946.1 -12647.3 -12231.2 -13359.5 -14980.2 -13341.4 -9838.4 -7021.18 -2538.64 2259.41 5946.86 8724.15 9852.64 9117.73 6944.06 4758.66 2964.29 -947.597 -6115.86 -9830.08 -10463.3 -8568.37 -6456.32 -6194.32 -6122.26 -6042.65 -2621.46 830.574 1290.29 7702.62 13835.8
1104000 -6494.48 -709.502 -612.429 -2824.74 -4424.98 -5123.57 -6504.83 -6520.44 -5905.86 -7346.27 -7181.55 -4325.23 531.536 6459.19 9969.83 10739 8721.57 9030.29 10032.1 9480.61 7486.13 3712.91 -451.748 -1175.04 -590.277 -4700.57 -11949.4 -13940.6 -12335.4 -12018.4 -11216.5 -11748.4 -13058.7 -12377.8 -9185.53 -5628.73 -5009.56 -4367.41 -1449.66 3093.79 3512.87 5292.33 7988.52 6703.16 8123.55 13286.4 15109.3 13925.7 12511.3 8752.63 10667
1106000 -12580.3 -9861.19 -5802.21 -1883.97 104.078 2402.96 5615.53 6258.07 5668.63 5026.37 4057.07 2999.07 564.688 -4626.83 -10032.7 -10502 -7801.62 -6339.84 -6400.16 -4983.94 -3729.55 -2619.17 92.6843 4338.67 7998.86 12261 18246.3 20267.8 18586.4 14992.3 12362.8 11247.3 11135.8 12600.7 13534.9 9921.27 6872.68 6165.91 1404.15 -3396.11 -4605.26 -7612.02 -10779.7 -11375.8 -11391.6 -13315.3 -14340.6 -13340.5 -15400.9 -15276.1 -13699.7
1108000 -681.525 -6270.16 -10120.7 -11179.3 -9371.44 -8233.07 -11982.3 -12822.9 -8432.83 -4842.01 -3087.43 -1586 -942.937 -2921.92 -1338.6 1390.54 1726.55 2665.96 3953.22 6221.86 9982.27 13648.9 15280.5 12268.1 7245.74 4481.25 3455.8 -573.705 -4713.32 -6072.4 -6018.91 -5475.79 -4968.24 -7581.85 -11665.2 -10630.5 -6697.25 -3387.61 3502.45 9721.57 12757.5 13054 11919.3 10330.1 9520.47 5960.61 2355.65 -440.715 818.639 -363.15 -6151.57
1110000 14803.7 14241 15152.5 17086.2 16076.6 14815 14869.4 15597.9 12995.8 12623.6 10354.9 5887.29 3415.88 2520.89 1181.57 -1591.37 -5995.93 -9611.07 -11527.9 -12878.5 -15460.4 -16527.9 -16139.3 -13481.4 -10201.7 -9821.95 -11078.9 -7808.49 -4224.79 -3739.25 -2773.84 -1689.07 -572.193 727.065 1065.31 2024.71 2904.14 2302.62 -1270.91 -4769.33 -6127.35 -6025.23 -4223.93 -3424.3 -3496.29 -2101.41 72.3292 2042.66 4092.37 6667.17 6666.55
1112000 -2198.26 3599.8 2080.64 -1804.99 -6854.65 -7483.71 -6459.06 -6294.65 -8882.3 -10324.2 -9891.06 -7582.89 -3570.35 2647.18 7695.44 9534 10732.8 11609.3 9459.64 7285.71 6444.33 3669.5 518.432 -681.717 -638.894 -1221.73 -3090.02 -4370.78 -4731.19 -3270.85 -4342.93 -8268.46 -8459.86 -6498.84 -2296.8 1572.43 3443.23 329.117 -3135.65 -2825.62 -3816.96 -3772.19 -2238.33 739.234 2163.92 5375.45 9667.71 10083.3 8692.2 7260.35 11608.1
1114000 -6671.73 -8712.77 -9082.36 -9586.98 -7669.5 -6039.12 -7611.38 -7747.14 -4485.22 -2913.99 -1691.25 2371.08 2264.83 566.962 -1196.6 -2272.89 -3061.41 -546.836 -14.4552 3.70521 1343.24 4308.61 7296.89 4750.88 3331.01 6014.25 8068.53 9965.5 12105.8 13082.1 14536.4 15579.9 16430.3 14543.6 13252.7 9694.12 3855.16 1236.21 2046.92 1965.81 275.437 -1125.59 -7080.79 -10124.1 -10453.7 -12542.5 -15093 -12790.9 -8222.87 -9128.63 -11201.8
1116000 1522.85 -814.297 156.76 1890.91 858.453 730.737 -78.624 -2124.2 -2392.05 1919.48 3486.28 1525.03 -497.335 -1810.91 -5282.8 -6282.15 -4898.79 -4245.65 -2694.53 1476.69 2402.73 2571.63 3719.33 4832.02 4275.49 4019.11 4809.73 3151.08 -2736.72 -5885.31 -6605.62 -6812.45 -6728.38 -5248.11 -6874.89 -8919.2 -5445.5 -1806.93 -171.457 2625.55 4787.69 5612.74 7449.48 8811.03 6798.83 4368.21 3831.32 1930.55 -879.282 -516.592 -550.93
1118000 1788.18 4860.16 4880.72 6231.68 10791.5 13805.3 14566.6 15795.8 15406.4 10256.4 7095.67 3911.52 1428 1284.75 2054.95 2063.32 -2222.94 -5490.11 -7683.72 -10254.5 -12413 -11228.2 -10232.5 -8834.08 -5379.17 -4208.24 -6809.25 -9177.43 -9761.44 -9494.12 -11888.1 -10935.8 -10376.1 -10219.6 -7502.45 -2260.33 -460.445 2668.59 4526.69 2766.77 1059.23 3292.06 4355.82 1961.91 2267.84 6757.32 7967.98 7152.77 7147.03 3956.59 2033.1
1120000 5268.23 2103.09 308.182 -92.2347 -4766.81 -8755.99 -6790.1 -5400.31 -4217.91 -3094.06 -2765.26 -3088.23 -342.154 650.21 394.871 528.096 2592.46 4428.01 4345.78 4008.38 5454.24 6125.21 4869.25 3453.14 1503.68 -261.785 291.804 2798.23 5561.82 7266.53 6764.26 4786.13 2304.3 2719.88 2318.89 19.8228 -2663.02 -2349.61 -3912.16 -4216.17 -3698.05 -7168.54 -6723.2 -2388.43 -2668.89 -3888.06 -2809.43 -2927.24 -2201.72 1264.24 4015
1122000 -1252.47 -4144.12 -6855.47 -10430.3 -11512.2 -13270.8 -15098.7 -14994.4 -13793.5 -12284.6 -7037.35 -891.856 2175.28 3238.53 4230.41 6504.07 7593.03 7235.25 5996.36 6613.43 8212.29 7124.73 6181.79 4599.82 2713.75 2029.25 3346.88 3209.21 5289.83 7678.36 9743.61 11536.9 13227.1 12080.6 9444.58 8326.7 5323.77 2225.43 655.109 188.64 249.027 -84.1321 -1807.51 -5919.9 -6312.02 -4948.35 -7172.14 -8729.3 -7526.46 -6671.3 -7453.95
1124000 3731.18 2623.29 6359.12 10221.5 10265.1 9908.66 8661.91 7989.27 7659.14 4207.45 -1496.16 -3848.25 -3878.44 -2720.82 -2699.04 -3193.84 -4378.82 -5972.58 -4925.84 -4855.91 -7928.08 -10168 -9762.86 -5920.08 -1409.54 598.774 1217.69 1641.74 -206.54 -3977.76 -4772.41 -3135.75 -2492.19 -1388.81 -1343.18 -1398.76 -748.853 1874.69 603.793 -3482.68 -4751.13 -2380.56 -1629.5 -162.104 2159.12 3166.55 4837.69 6286.58 7341.89 6294.89 3080.39
1126000 1545.84 285.077 1634.62 2802.56 3270.38 5778.84 9182.2 9671.09 8184.46 6376.99 6553.27 5243.68 1768.59 10.502 -781.608 -1522.77 -607.42 -2299.9 -3328.75 -606.528 952.514 -1772.88 -4822.64 -6195.38 -6275.88 -5624.15 -6003.14 -8932.35 -11964 -14077.3 -14168.1 -15749.9 -16028.1 -15487.3 -12895.7 -7808.83 -3322.81 -591.114 2648.41 8183.64 10781.3 10136.3 9681.72 9641.55 7843.74 7791.37 9743.11 7734.1 4493.78 3680.12 3675.98
1128000 -3987.65 -324.893 -407.637 -1770.72 -624.852 -919.313 -1005.63 1497.47 2230.96 347.418 704.423 3441.62 2806.55 -809.7 -3232.87 -5141.79 -7091.81 -5455.91 -1915.65 -527.328 883.453 5358.62 9393.4 9216.13 8028.87 6795.27 6516.15 9974.65 12296.5 12848.4 11847.4 12430.9 11159.4 8853.1 4099.92 913.479 -4079.95 -5698.96 -3482.44 -2661.17 -4242.72 -3781.12 -3481.36 -6997.01 -7749.12 -10827.9 -15815.1 -14668.8 -10859.2 -10016.4 -7622.32
1130000 -10124.3 -8515.24 -11001.2 -11950.3 -14243 -12800.2 -11818.7 -15814.8 -17798.2 -12187.5 -9060.58 -8820.46 -4787.54 1287.67 5785.81 10216.2 12030.4 11623.8 11388.7 10450.1 9556.1 8199.58 6774.57 6489 3970.43 2514.17 2828.74 2387.11 790.284 1107.37 2614.5 2244.55 1737.16 2450.84 3447.84 3194.87 4758.98 4587.79 2140.6 1042.45 1671.13 -874.627 -470.368 3026.44 4510.32 4125.24 3310.52 -2207.18 -5318.62 -3751.9 2998.2
1132000 11736.4 11075.5 14542.1 14848.8 13977 12775.1 12159.1 12001.3 9710.54 4926.31 3015.84 84.5596 -3210.4 -2756.04 -1927.51 -4553.29 -4793.15 -2869.35 -5396.17 -11844.5 -15060.7 -16762.9 -16105.3 -15419.9 -13379.8 -9225.43 -4090.76 -2554.43 -1638.8 259.914 981.546 4884.22 7323.07 4510.32 4275.19 4916.44 2273.28 2080.06 776.997 -3051.42 -8878.79 -9186.33 -7353.53 -6798.3 -4953.5 -1728.87 1330.98 6695.77 11061.9 9420.84 3967.87
1134000 3971.25 2932.98 1717.16 1358.85 -435.535 -1376.9 -3788.46 -4950.8 -2424.32 332.533 3132.01 3578.65 4112.06 3570.49 2740.81 3052.6 1627.33 1469.32 6172.29 8480.61 8175.8 6151.47 1202.27 -4339.37 -3176.61 -4708.81 -9591.87 -13605 -15439.1 -13472.2 -10277.5 -12105.4 -15496.2 -14718.5 -13311.7 -12176.3 -10214.2 -7871.58 -3982.95 4864.23 11630.9 13219.3 12637.4 13407.9 11321.1 10049.3 10894.4 10525.9 7933.04 5406.64 3915.3
1136000 -12068.9 -8941.98 -6178.38 -3416.23 -776.318 3775.47 7722.81 9694.73 9234.99 7244.1 4292.91 1805 1657.25 -234.981 -4493.46 -8838.12 -9181.61 -7889.47 -6335.41 -4677.75 -3621.47 142.487 5823.37 10041.4 11249.8 10345.2 14199.9 16218.6 16618.3 16104.4 14838.3 11690.5 13131.4 12938.4 8402.86 4583.95 2562.3 -271.396 -2497.82 -5135.14 -6322.33 -4917.37 -6479.69 -9493.6 -12243 -15902.4 -17710.1 -16759.3 -16988.3 -17373.6 -14837.7
1138000 -2267.49 -8925.97 -13251.1 -15463.4 -11712.7 -10432.8 -11911 -12844.6 -12456.8 -12281.3 -10572.2 -8426.61 -7035.2 -3618 3284.67 7696.75 10083.7 10467.3 7862.03 8180.42 10455.8 11796.4 9379.25 6973.86 5757.22 5424.95 3222.22 3166.46 1643.82 -3624.6 -6611.87 -7394.78 -9406.72 -7910.43 -2961.74 643.925 2323.49 4825.77 5600.94 3974.95 3649.94 3137.14 4870.82 8052.46 11597.7 13273.2 9075.66 2154.84 -540.041 -1470.05 -5781.02
1140000 17193.3 15583.9 18243.3 19109.2 15213.3 11633.1 12972.6 14566.9 13580.5 10926 7551.38 3624.19 3051.39 -146.756 -4862.08 -6142.11 -5912.37 -9695.65 -12861.3 -14547 -15602.1 -15553.8 -14493.9 -15610.9 -18123.8 -16719.8 -14372.6 -12042.9 -7230.21 -1832.94 1903.9 6126.64 9712.52 9293.27 5798.15 4273.95 3681.46 1284.82 -413.898 -2691.93 -5568.32 -7575.85 -6525.42 -5550.1 -6453.1 -5775.42 -1244.35 2546.6 6607.39 12491.8 12945.2
1142000 5238.86 4473.89 1217.54 -1333.66 -3690.85 -8775.12 -11920.9 -9769.54 -8051.44 -6039.13 -4201.37 -595.369 1360.48 997.675 4838.47 7034.09 5569.11 8287.59 12890.1 13635.3 13332.8 9987.21 4036.8 2399.5 2384.78 -1696.11 -6066.99 -8444.64 -9700.31 -8130.07 -6867.79 -9244.17 -10064.3 -9504.62 -8755.59 -6715.72 -6468.87 -6360.63 -4577.47 -1383.59 2182.42 5676.11 5548.22 5032.37 8018.17 9757.73 10948 10633.3 9762.11 6102.59 5134.12
1144000 -22303.3 -17629.9 -12462.5 -7614.08 -3352.49 1341.87 5981.09 5818.4 3553.22 4223.94 3537.67 2537.67 2891.94 1655.53 -1727.53 -2145.1 -1664.83 -3108.94 -3898.98 -3552.76 -4711.64 -4755.58 -344.497 6272.58 11210.4 13688.9 17110.3 17100.1 15969.2 13257.3 11977.5 12915 13763.6 13053.9 12447.9 10399.6 7469.36 3715.28 94.7836 -2472.61 -4959.94 -8092.06 -10677.9 -12745.6 -15151.1 -15515.2 -13408.2 -14089.9 -16635.1 -17749 -15874.4
1146000 -527.099 -3559.21 -5433.97 -5644.63 -4127.82 -5161.67 -7233.51 -7937.52 -7356.93 -7023.88 -4198.04 -2104.11 -4178.38 -5280.23 -4823.07 -4866.54 -4089.36 -1519.6 -81.6602 4003.4 6923.03 7901.76 9012.67 7398.87 3198.15 1339.43 768.367 1066.65 -436.893 -5869.08 -8433.89 -7814.93 -8390.99 -8253.68 -8641.71 -8867.26 -6064.88 -2068.09 2159.16 5484.26 8234.52 10086 11300.8 12799 11620 10749.9 7549.41 4331.46 4583.57 4679.02 1317.09
1148000 8029.45 13604.1 13457.4 13212.2 11481.9 11510.4 13328.5 14861.7 15673.3 14079.6 10605.5 7952.37 5240.78 427.15 -2130.16 -2760.96 -4997.36 -8119.86 -10320 -12461.1 -13354.1 -12074.7 -12841 -15114.5 -14921.2 -14500 -14466.6 -12050 -9896.86 -5282.03 -1521.96 -148.374 -587.275 281.034 110.823 1407.64 1999.38 1025.4 548.611 -339.058 -156.115 738.61 1153.17 731.114 1052.22 -1149.35 -1895.03 1708.32 4965.61 7782.16 16911.5
1150000 -5172.04 108.981 388.904 -832.148 -4032.93 -4415.29 -4782.67 -7194.7 -9646.95 -9164.12 -9902.99 -8842.42 -3453.24 3915.64 8051.44 8433.52 9535.28 10928.5 10066.8 9475.07 8995.36 7422.62 6733.6 7210.94 5811.56 3396.78 1593.76 -2035.39 -2166.72 810.331 -766.43 -4335.31 -4128.97 -3194.17 -3501.38 -490.284 1318.74 -2272.73 -5226.63 -6805.24 -7895.1 -7621.76 -5003.17 -2896.22 -15.456 3075.98 5222.44 5926.67 2739.08 500.144 4513.33
1152000 -9730.92 -9056.15 -9541.65 -11076.8 -8848.4 -5916.81 -7444.12 -6705.9 -4039.26 -1372.61 806.061 276.175 -1670.89 -1068.28 895.576 1747.24 2266.38 4418.98 5101.58 2635.33 1816.94 3618.12 2627.85 2493.84 5942.66 9132.36 8483.4 9587.75 10466.6 8393.84 9416.07 12447 12109.7 11759 12834 9514.43 5866.4 6547.28 4214.86 -1112.75 -2296.26 -3565.91 -6566.64 -9020.02 -11164 -12416.7 -13284.1 -13373.2 -10840.7 -10395.8 -12074.3
1154000 -1168.09 2612.04 2316.31 2875.41 3042.71 1237.52 1595.97 -661.678 -1202.9 912.279 2616.2 1979.52 64.1533 -2495 -7467.42 -9635.2 -8073.25 -8110.63 -7554.56 -4388.65 -1622.2 -826.973 503.496 6.43315 -1574.42 -1146.77 1519.88 801.972 -1417.98 -732.467 -2532.87 -4909.83 -3992.91 -4754.84 -7184.19 -7664.04 -5632.27 -3540.32 1543.27 7290.16 7665.06 6729.49 6252.74 7310.67 6598.11 5925.03 7445.79 7586.65 8465.53 7294.68 11733.4
1156000 4349.4 7646.77 6751.79 7018.57 8536.25 9284.98 9953.56 10411.6 10548.1 7537.68 6083.86 6944.59 6804.09 4480.13 2460.27 915.811 -3533.98 -4448.18 -5635.84 -9842.15 -10863 -8561.16 -8163.17 -8226.27 -6658.09 -8113.54 -10450.3 -9887.59 -10233.5 -11790.5 -12349.3 -11386.1 -10485.3 -9774.03 -5477.72 -3285.68 -2948.27 -2542.81 -380.903 747.531 4236.09 6798.55 7612.12 7178.67 7857.76 7970.8 7895.27 6546.15 3562.34 1934.92 7575.44
1158000 2440.28 -2634.72 -1001.25 -1620.44 -3042.04 -3975.6 -4072.66 -2360.98 -865.239 -2192.93 -3632.96 -5383.53 -4615.23 472.007 3121.13 4796.36 5944.62 4487.68 3115.01 5510.52 3913.74 1865.81 4794.52 7644.08 7825 7434.87 6888.23 5639.4 5907.23 6860.06 6128.88 4771.65 4234.79 4232.96 4644.25 3800.52 2984.42 465.712 -2361.37 -5673.71 -8451.35 -9046.24 -8829.98 -9113.35 -9420.36 -8122.63 -6852.94 -6472.94 -4750.03 -4002.95 -9757.71
1160000 -10583.2 -8100.32 -8595.12 -9523.99 -12235.6 -14632 -15770.2 -14667.6 -12883.7 -11298.6 -8056.34 -4258.28 -2113.44 -604.349 354.805 3119.58 8261.6 9644.29 9899.71 11969.9 13950.2 12481.2 9499.31 4953.55 2268.08 2983.97 4166.11 4981.89 6062.05 6525.33 8247.84 8779.74 5758.8 4026.14 3981.05 3605.33 5279.14 6017.33 4999.49 4243.36 2303.65 -1651.32 -4955.15 -6822.27 -6015.81 -5465.18 -4609.26 -5917.42 -5386.69 -3604.29 1064.76
1162000 7463.6 10890.5 10609.2 11474.1 12409.3 11377.1 9797.64 7517.08 5713.52 3839.52 4087.87 5070.87 1874.94 -3610.32 -3752.35 -5555.13 -10957.8 -11329.8 -10578.7 -13744.5 -15410.1 -13275.3 -11236.7 -8104.65 -5614.66 -4984.64 -4922.68 -2930.69 -3042.14 -4526.68 -4584.26 -2015.31 2967.6 3450.1 2100.43 470.462 -1518.45 -725.958 1383.79 866.547 -308.218 1676.73 3216.22 2734.01 4137.9 2628.47 1494.91 5315.64 6367.91 7559.37 11877.4
1164000 -4929.14 1348.55 532.092 2524.66 3477 5206.76 7125.97 5385.02 2350.01 2871.75 4387.35 2787.13 4321.17 4934.41 3435.41 3373.81 2410.13 -229.716 -2285.63 -1709.71 -2081.3 -3450.72 -3663.31 -2935.42 -4298.98 -5208.79 -4536.45 -8430.7 -11206.6 -11985.7 -14321.3 -18690.2 -19278.3 -15915.8 -12504.4 -9162.58 -5828.08 -3843.93 -1956.19 4061.92 8501.39 8618.71 10877.7 12432.4 12448.4 13149 13981.5 9495.08 6792.04 4231.07 10496.7
1166000 -4948.06 -6179.6 -2985.52 -4287 -4208.48 -3696.24 -2762.19 2672.53 7393.95 6160.18 3260.61 1689.1 221.675 1112.54 1026.29 -1751.67 -2999.61 -1693.9 1117.09 1898.26 2767.02 4418.49 5968.29 6094.15 7858.17 11210.4 12029.6 13699 16908.9 15081.6 14567.5 15274 10730.8 5057.27 4569.08 3252.81 -442.291 -863.55 -4426.07 -8395.87 -8219.85 -7876.96 -10290.2 -12966.1 -15542.1 -17943.7 -18456.3 -16477.1 -10773.6 -9681.19 -16350.5
1168000 -6133.64 -7148.89 -9874.87 -11622.4 -13180.2 -14252.5 -15476.1 -17655.8 -18824.7 -15991.4 -12060.3 -9628.26 -7075.14 -2659.17 3283.71 6185.37 9392.04 11749.4 11775.5 12150 12057.8 11495.6 10346 9492.45 5002.14 1717.95 1241.48 -699.66 -1349.02 2089.37 3740.66 1391.72 2839.02 3083.79 1342.19 3061.82 5896.75 5226.62 4403.43 5577.95 4212.5 4506.36 4177.79 4105.59 3468.44 2735.17 1556.18 1007.47 -1558.8 -2811.07 -2130.25
1170000 18396.4 16289.3 17320.3 18789.2 19230.7 19198.7 16176.1 11753.8 6794.32 6318.13 4808.78 3824.15 511.574 -4174.97 -6693.88 -7203.94 -7459.01 -8777.33 -11105 -15279.3 -18044.7 -17690.9 -16957.4 -17711.3 -14551.8 -10940 -11316.5 -6901.68 -3625.53 -3575.27 -2294.58 761.171 3490.16 6822.12 7343.93 4335.96 2094.05 1501.36 2488.68 -464.53 -4893.87 -6435.13 -5105.97 -2444.28 474.433 571.04 1901.22 5281.3 5430.33 7281.56 7943.48
1172000 3321.45 150.313 -2172.98 -4127.56 -3704.66 -1499.55 -1508.19 -188.435 343.88 463.166 32.2033 1352.07 3359.37 6181 5519.31 3771.97 7508.29 8533 6104.89 5699.42 6339.31 2368.91 1214.35 1186.9 -923.304 -3421.19 -7885.13 -9654.96 -11417.4 -13037.8 -13004 -14481.4 -15786.4 -15674.9 -14581.2 -12509.3 -10468.8 -7804.81 -2557.19 3636.28 7679.32 9308.69 10545.6 10065.2 9884.59 11858.1 11051.3 8651.11 8423.77 7301.85 2866.1
1174000 -12101.2 -10621.8 -7518.08 -3721.88 -708.874 281.949 2012.06 5274.58 8001.44 8592.56 5112.76 2938.03 3730.85 2186.4 -2471.64 -6190.23 -7292.33 -7134.15 -4181.11 -1137.01 342.783 3226.12 5263.06 7266.01 10261.8 14353 18181.6 19443.6 18255.9 18000.1 18077.7 17111.3 13041.6 8344.91 5342.44 5642.38 4183.05 504.685 -5639.91 -9941.88 -6970.42 -6893.15 -9305.88 -11744.7 -13892.6 -16343.8 -16276.1 -16548.9 -17504.1 -16701 -15822.2
1176000 -3157.31 -7822.45 -11108 -13020.8 -11290.2 -11525.3 -13057.4 -13216.6 -12065.7 -12460.9 -10803.1 -7621.07 -7331.13 -5608.86 319.7 7175.74 6136.61 5619.66 7481.79 7559.08 9658.98 9798.24 6467.21 5901.34 6536.04 3706.76 550.814 -1709.05 -2887.83 -2606.76 -4230.09 -5695.51 -2742.31 508.414 -53.1385 464.954 1119.65 3766.33 6683.23 6631.62 4890.94 5616.6 9568.79 12121.3 9868.62 7161.99 4779.68 3742.57 2562.97 -869.46 -6544.28
1178000 16428.9 17457.1 18254.4 18410 17103.9 16149.3 16729.4 13772.2 8480.1 7435.45 7251.64 4156.64 1379.55 -2750.9 -7570.62 -7231.31 -6931.42 -8394.65 -11060.4 -12274.1 -13694.5 -15680 -15608.1 -16009.2 -18985 -17458.8 -13148.6 -9716.68 -7069.87 -4104.48 -1268.38 1244.62 2424.66 2001.16 3935.98 3578.74 1912.06 1344.86 -301.337 -1987.48 -3848.84 -5858.32 -6178.15 -4821.51 -2492.17 889.52 3597.08 5373.69 8763.84 12770 14771.9
1180000 6803.57 1570.5 756.571 -921.032 -2876.91 -4316.68 -6621.03 -5262.31 -176.449 -2083.17 -2506.91 -1145.89 1314.39 6161.08 8177.88 7461.32 7964.18 11138 13447.4 12010.8 7699.59 5189.73 4569.6 5105.98 1968.62 -3182.29 -7792.05 -7611.65 -8407.19 -11273.9 -9376.04 -7807.62 -8676.68 -7409.75 -5376.67 -5950.55 -6059.68 -4824.24 -2686.83 -1218.95 1279.39 2678.28 2269.82 1711.71 3443.5 5066.29 4300 2844.77 4795.91 5173.47 876.261
1182000 -15423.3 -14898.6 -11874.9 -7810.49 -5802.25 -2657.76 -783.732 -2184.7 -4648.01 -3019.32 1621.58 3507.87 1940.93 -1600.92 -2700.89 -1667.89 -2478.83 -4384 -3128.63 201.386 3792.62 5281.22 7171.15 8994.88 12483.4 17297.4 17513 15158.3 15145.4 16494.1 16142.2 14572.2 13263.9 10948.3 8404.25 6131.21 5606.89 1154.29 -2898.7 -4132.29 -5612.99 -6558.4 -8136.55 -9931.78 -10703.1 -11472.9 -11323.8 -11799.3 -16375.5 -19408.1 -18991.9
1184000 -9435.84 -5583.45 -6807.27 -6567.98 -5608.23 -5362.58 -4266.62 -1557.06 -177.022 -348.644 -1721.12 -2538.44 -3459.23 -3059.31 -2601.89 -3318.24 -3025.85 -2345.22 -613.607 -1705.79 -1876.72 -356.172 375.905 10.3925 1509.05 2398.37 2454.9 1103.39 -67.655 -1375.91 -4439.52 -4794.09 -3010.3 -2806.65 -4071.05 -4345.89 -3569.52 175.569 4515.81 7424.28 9256.99 8915.81 9881.61 11299.6 11011.5 7621.64 5367.94 5826.69 6311.33 2790.68 6839.01
1186000 17087.2 15976.1 16206.3 12077.3 11922.3 11988.4 10143.1 9655.65 9905.49 9586.15 6998.58 3491.45 424.828 -1277.53 -3787.24 -5442.43 -5446.56 -5747.25 -8261.32 -10706.1 -10231.7 -8747.57 -11121.7 -12819.4 -15044.3 -16555.2 -12643.2 -10501.3 -10011.5 -8776.14 -6024.72 -3960.56 -6278.52 -7749.45 -6184.13 -2459.07 216.444 948.87 -358.676 -571.28 349.202 703.274 49.4 401.969 4040.42 8104.48 7517.29 5647.54 8077.8 11336.7 10459.3
1188000 658.932 1644.36 3069.54 2049.79 -1520.88 -2492.56 -446.476 -1574.94 -4554.55 -3254.42 -2638.96 -2032.81 1676 6120 7465.32 8532.3 8129.41 6949.5 7202.46 8242.84 7893.89 6590.62 6653.99 7239.82 4807.05 -947.042 -5468.72 -5808.83 -2095.68 -1681.07 -2661.41 -1875.91 695.105 3850.79 4004.75 1384.33 -2724.06 -2996.84 -2709.28 -5431.87 -7379.15 -7025.98 -5689.72 -4287.45 -5164.99 -7128 -6714.95 -3477.88 -2659.6 -1846.98 -785.542
1190000 -6233.86 -10603 -11411.5 -12345.6 -10844 -9680.44 -10738.3 -9939.44 -8744.13 -9024.9 -6170.99 -2547.96 -3610.83 -3612.29 1539.81 4040.87 4185.18 6356.25 7439.77 8432.95 10272.1 11576.3 7860.09 6459.13 8499.28 11892.7 14957.2 12924.4 10084.8 8833.19 8045.6 6810.03 7814.79 8954.1 8763.9 10047.9 9037.6 2693.62 -1111.91 -650.114 -3021.94 -5232.08 -6017.93 -6919.53 -8771.16 -7661.06 -6827.09 -6624.54 -9004.59 -10751.6 -15306.6
1192000 1713.19 -876.338 -1727.94 2601.14 4472.75 4251.13 3837.71 5621.86 7465.94 6177.71 1645.52 -2117.19 -510.725 -60.7564 -6176.42 -10490.3 -11905 -11834.6 -10830.7 -10116.1 -11539.8 -9575.82 -5906.3 -6151.96 -6291.81 -3289.25 179.287 2425.83 3741.54 176.572 -258.946 1220.21 -27.4762 -2925.87 -4397.42 -5107.53 -2355.1 2194.28 4733.42 6845.62 8051.48 7496.59 5226.11 4243.54 5268.76 4951.93 6069.06 7313.09 6672.25 6898.5 5570.43
1194000 9619.94 10243.1 10717.7 5528.04 2983.41 3604.73 3561.62 3047 4416.23 6874.55 9361.66 9179.18 5678.5 1269.12 69.3666 -306.095 -974.573 -2052.91 -4249.94 -5200.86 -3931.71 -6654.4 -9616.72 -6915.79 -4613.54 -5402.04 -8467.34 -11279.5 -14278.7 -14006.1 -13146.3 -13543.7 -13494.4 -10132.5 -8799.93 -8451.49 -8538.4 -6689.1 -2424.18 1463.57 5969.89 9106.27 11978.9 12011.9 12263.4 12680.3 10921.5 7340.71 5539.41 5233.21 4962.99
1196000 -9860.87 -3276.03 627.363 2908.32 2839.69 2306.37 4552.61 3689.77 -331.795 -1249.29 -1885.1 -947.645 2031.43 3902.24 4447.42 5855.83 3939.05 1381.53 972.586 1218.05 2253.18 4858.52 9108.84 10091.2 9191.53 7032.81 4810.11 5571.36 8741.58 10633.2 10403.9 8989.8 8766.12 7185.34 4911.34 1901.68 1056.91 1237.02 -1313.26 -6837.21 -11603.9 -15722.7 -16868.8 -14815.7 -14691.5 -13027.5 -10022.2 -8357.01 -9035.8 -9788.57 -5669.5
1198000 -2932.37 -6772.99 -10718.2 -12425.1 -14119.3 -18882.7 -19402.1 -15831.5 -11958.9 -10132.4 -9964.92 -10969.9 -8927.6 -4424.72 1938.11 7403.31 11536.4 16379.7 18482.2 15179.2 12451 11185.2 8304.57 4433.36 1858.1 2254.4 3458.99 2358.94 1361.72 -479.036 -618.83 356.596 1699.64 1956.05 5805.85 10054.3 11201.5 6510.05 3596.76 3789.72 3781.93 2271.72 820.28 1098.87 -531.742 -1249.75 -4061.34 -6831.59 -4099.96 -210.285 574.432
1200000 11929.2 9929.89 10962.8 12143.7 13756.2 15467.2 15597.7 10912.1 5908.87 1788.92 -178.126 304.163 -1297.29 -4157.77 -8986.98 -13161.2 -15294.9 -17194.6 -19382.7 -16729.4 -12416.9 -11384.3 -12007.9 -12282 -12158.3 -10218 -4692.44 41.2417 745.189 2281.16 5360.05 4293.41 3758.67 2435.52 1881.21 -5.5419 -165.007 1218.66 3408 2839.87 1835.94 1498.48 -505.446 -2365.48 -2199.67 296.879 3043.35 7059.69 10486.4 9944.64 6453.78
1202000 -7844.2 -635.454 -728.297 -1776.82 -2197.94 -1407.68 -513.404 -97.3005 2107.66 5804.56 9200.27 10110.5 10930.5 9662.02 8487.24 8624.76 5111.02 1791.45 2983.46 4780.11 -344.745 -4371.55 -2930.48 -1795.11 595.04 -1195 -6813.25 -10361.2 -11847.7 -16233.1 -19515.3 -19486.9 -16814.8 -12304.9 -9998.53 -11237.3 -13408.4 -10875.7 -5490.76 -655.226 6261.68 14013.6 18113.3 17524.8 15064.5 11312.1 8734.04 6944.42 4619.49 779.771 6491.45
1204000 -11126.4 -9280.09 -6464.88 176.014 4147.53 4865.57 3817.16 5134.32 4097.54 1539.65 2301.4 3732.1 1343.23 1135.72 -554.17 -4420.99 -4536.04 -1884.14 -2773.32 -3391.06 -628.338 3492.01 7267.79 10705.1 12212.6 14673 18586.4 19256.5 17136.8 18380.3 20005.7 16268.3 10564.5 4993.05 -254.351 -74.1799 1118.4 -1880.19 -5737.79 -7343.83 -11437.4 -16325.8 -17651 -17508.3 -14874.3 -12512.5 -11502 -12655.1 -14136.8 -12773.6 -10700.7
1206000 391.624 -5292.81 -9065.81 -12109.3 -17368.7 -20235.3 -19047.9 -15600.9 -11583.5 -9198.81 -10618.5 -10665.2 -9683.67 -7576.52 -2474.79 7436.68 14104.9 16806.3 16643.5 12415.4 8696.02 7357.36 6340.68 2122.99 -841.807 -630.377 -3531.71 -6000.47 -4647.82 -2887.69 -3350.78 -452.825 192.79 855.894 4406.28 7724.91 8222.11 10267.3 12568.2 11777.7 9005.11 6814.73 5896.36 5939.39 5561.56 3119.4 652.279 -284.518 347.62 1853.74 -728.192
1208000 9329.42 21538.3 23352.1 21380.7 20927.5 19985.9 15590.4 9398.89 4596.16 2598.07 1475.28 -830.465 -3497.85 -4801.72 -6471.61 -10340.4 -14319.1 -16268.4 -17489.6 -15144 -11585.1 -11936 -13896.6 -12044.1 -12620.9 -16248.8 -14051.8 -9046.41 -5470.97 -1633.46 2902.33 4718.37 4495.44 4740.05 4556.48 2650.04 2340.23 3983.03 36.6238 -4714.19 -6352.84 -4369.04 -1943.48 -3636.4 -4159.05 531.699 3443.34 5387.45 8245.38 10546.6 20278.2
1210000 282.98 -3952.85 -5685.37 -5900.93 -3531.57 -2182.72 -140.924 309.152 85.6402 1916.87 928.194 1859.47 7320.45 11744 12325.1 11493.7 9809.02 7680.05 8047.43 8537.95 6382.48 3859.75 2032.72 1777.47 2452.17 1919.51 -2508.91 -7894.16 -9663.1 -12839.8 -15661.6 -17358.8 -15970 -10810.6 -6693.83 -7247.89 -9197.32 -8822.74 -7524.21 -2165.99 3524.09 7198.22 9628.92 10924.9 9487.55 6366.7 4221.89 3239.91 2357.21 447.199 -2518.29
1212000 -10844.6 -14474.9 -13208.2 -10960.3 -7152.34 -2636.14 975.567 4738.48 6221.72 3459.04 3299.69 5863.3 5234.25 490.688 -4600.38 -7375.99 -5368.67 -1469.65 1458.36 -182.225 290.935 5429.82 6908.66 5551.03 7440.85 14128.8 21556 25835 24231.1 20999.7 16333.6 13471.2 11118.7 6389.59 1583.04 1970.34 507.036 -4262.92 -6214.1 -4986.76 -5636.17 -9083.19 -11559.6 -12793 -12663.3 -12545.2 -13114.7 -10986.9 -11937.5 -13865 -17832.7
1214000 3032.91 -5026.74 -5850.06 -6162.45 -8639.48 -9190.21 -10704.2 -12121.9 -10885.1 -7269.28 -3750.73 -6241.26 -10364 -7066.78 -1081.91 586.833 743.178 239.156 236.104 2397.27 4114.15 2062.72 1265.14 3229.64 2766.32 -182.959 -4011.96 -5651.62 -4458.35 -1567.86 130.613 1288.9 2053.02 1062.79 -959.186 -1334 1323.3 5292.57 10319.8 12305 11671.5 8472.58 7463.51 9814.59 9815.11 7833.57 7513.28 6342.23 2755.3 818.551 -7109.11
1216000 12295.2 22333.1 27429.9 24128.1 16913.4 12960.8 10468.1 8135.02 7436.36 6627.68 3360.85 524.765 -1581.78 -3626.85 -4816.97 -3183.51 -2549.79 -4855.26 -7863.22 -11594.7 -14418.3 -13659.7 -12069.2 -13054.6 -12790.7 -13509.7 -16126.6 -15652.8 -14897.5 -14546.1 -8706.61 -2109 172.805 2395.46 4130.45 3855.9 3330.57 2617.32 -393.185 -6361.24 -7306.81 -2793.54 1206.2 1545.34 2913.64 3941.8 4381.97 4145.82 6880.61 9654.56 15289.7
1218000 3524.53 -3900.27 -6538.46 -3255.88 444.134 1295.24 920.991 1349.22 647.892 -2353.49 -2843.79 -1122.94 2164.2 7315.91 10002.4 9949.85 10059.5 10271 9764.6 10816.5 12577.9 10379.6 6960.31 5229.08 891.821 -3399.94 -2806.95 -3444.73 -3785.64 -1392.87 -1629.66 -6495.36 -8456.94 -8976.73 -8564.21 -5205 -2929.24 -3441.2 -2516.53 -945.846 -2102.77 -5664.08 -9718.47 -9075.71 -3302.8 774.038 -273.536 47.5668 2615.07 1836.08 -5210.08
1220000 -12839.3 -13109.8 -15529.5 -15675.9 -16060.5 -12054.2 -5512.32 -1543.01 256.926 1100.99 2534.38 3852.46 3131.4 -1789.42 -5298.22 -3646.32 -2438.38 -85.1769 3923.88 5231.65 3907.4 4743.44 6799.29 6911.78 9705.97 14455.8 18278.7 20096.5 20463.7 15645.4 9224.58 9049.29 10518.9 11202.7 9042.54 4543.16 1699.71 -749.107 -3981.46 -5417.55 -2076.41 565.682 -1356.27 -2703.24 -9460.64 -13548.9 -12375.5 -13539.4 -14275.4 -12156.1 -8990.15
1222000 1187.52 -1407.42 -2196.52 -1825.92 3854.6 2851.4 -2319.74 -4858.17 -7320.44 -7179.26 -3509.64 -552.94 -19.3329 -25.3685 -797.824 -6211.89 -12214.2 -14853.9 -15270.6 -10669.6 -4618.56 -3473.37 -3568.17 -1315.84 -251.543 -166.843 -1741.87 -2907.38 -3147.93 -1593.46 -825.78 -381.169 -381.76 350.47 509.651 -239.842 -792.759 327.416 3283.72 5446.12 7673.3 11021.1 12413.3 12183.2 12348.6 14402.7 12139.2 8660.18 6666.66 2344.3 -2678.6
1224000 11921.7 10731 14461.5 15642.3 9881.13 6892.34 9746.32 11055.8 10838.6 9975.73 4574.9 -313.66 784.092 240.63 -3195.06 -1821.71 2376.12 2996.35 780.417 -4210.34 -8901.85 -11382.3 -11945.7 -11666.5 -11597.8 -11506.8 -12018.3 -11833.5 -14232.2 -14256.7 -11464.5 -10170.5 -9558.82 -7246.38 -5378.84 -4471.65 -1921.08 1082.43 1896.28 1284.87 219.031 -722.453 889.061 3711.38 4560.71 3863.9 7048.07 8758.46 9717.58 11535.4 11822.8
1226000 2586.7 1813.5 561.219 -2532.46 -797.993 345.254 -1720.99 -1294.51 1138.63 742.209 -326.951 362.735 -1864.28 -1905.22 3708.32 7891.19 8657.49 10882.7 11327.7 10162 10357.4 10490.1 10286.5 6827.54 5281.15 3818.18 2202.02 680.018 2670.13 4692.68 5736.87 6252.48 3323.66 -773.882 -1149.91 692.414 -150.043 -3769.11 -2945.95 -5260.66 -10123 -12225.7 -15640.2 -18939.8 -13967.8 -9923.08 -8879.81 -8241.66 -6816.25 -4752.25 -4820.08
1228000 -7965.94 -12448.5 -12071.9 -11539 -12255.8 -14157.7 -14321.3 -12639.2 -11474.4 -8930.85 -5212.68 -3787.11 -1083.69 2609.78 3291.96 1384.62 1919.49 2832.83 4434.27 7713.23 8102.08 7972.33 11733.5 12660.8 8516.97 4488.37 5239.55 6895.44 7436.91 6471.6 6617.1 5516.14 6806.16 9041.61 8422.7 6476.4 7637.06 6868.08 3647.66 2333.84 2390.42 455.415 1937.31 3507.59 171.75 -6059.14 -7373.06 -7833.46 -10837.7 -11589.3 -14789.6
1230000 7850.47 7550.78 6719.22 3677.38 3948.73 7395.25 8070.73 6248.78 2939.65 2586.26 2277.01 923.878 -1781.9 -6983.51 -9956.77 -9792.2 -12486 -16871.4 -17915.4 -16475.8 -14943.5 -12076.9 -10778.3 -10329.9 -4938.82 686.218 1684.85 350.717 615.215 136.781 -401.755 139.288 476.176 -172.953 911.019 1327.14 -1048.56 -2334.52 -1379.44 128.123 3157.66 7438.55 9959.86 9311.33 9403.61 9711.47 9618.71 8482.83 9618.61 10159.4 9167.89
1232000 3350.73 -965.121 -1408.57 2510.3 5483.36 6004.49 6855.08 7920.48 8259.88 7338.51 7742.08 7603.42 7611.95 9111.15 8898.57 4590.83 2840.98 3483.21 1555.23 -666.862 -706.828 -3834.7 -8431.3 -8885.76 -9111.3 -10481.5 -8943.38 -7891.82 -10358 -11597.4 -13879.4 -16035.1 -14832.5 -13780.1 -13110.7 -10868.2 -6938.58 -1839.28 2262.23 2894.22 2958.92 2104.33 2742.08 5339.38 7731.2 8063.53 9116.59 10907.5 10123.1 6938.98 474.006
1234000 5906.02 1108.97 2392.29 509.622 -860.082 -425.416 -1419.06 -3562.4 -1747.53 769.453 -1153.44 -440.501 595.041 -175.78 -1544.19 -36.6388 3468.06 5149.58 7619.93 9461.09 7345.32 7497 9523.64 9764.45 10494.1 12014.5 10241.8 7989.83 7182.19 6676.3 7942.48 11268.1 12072.1 8557.94 5497.65 3870.25 1300.41 -4485.29 -9124.71 -9396.48 -7585.38 -10335.8 -14746 -19050.6 -19679.1 -16827.4 -13740.5 -14363.3 -12111.8 -6647.19 -9216.29
1236000 -9215.16 -5021.92 -5913.32 -7725.41 -9421.39 -13006.7 -15748.7 -15150.9 -14349.5 -15482.7 -12812.3 -6913.35 -4878.29 -354.046 3813.94 3493.86 4392.44 6456.59 7244.28 6675.92 8457.69 8674.29 7977.7 7459 5227.15 317.659 -3807.92 -3035.98 -582.302 1455.33 2448.94 2712.24 4380.96 7003.98 7786.64 6110.37 7898.77 11292.4 11991.7 11001.2 7531.99 3512.01 3013.98 2877.48 4286.89 1645.78 -2304.75 -1540.17 -2984.35 -8340.15 -7606.23
1238000 16202 12772.8 12490.2 12246 8855.84 10279.8 14209.3 12126.1 9882.9 9762.81 4346.52 -2692.64 -7515.69 -8632.05 -9777.59 -8765.4 -8473.4 -12815.3 -17062 -18439.9 -17415.8 -17546 -16114.5 -13379.1 -9811.63 -3814.22 -627.61 123.257 -719.894 -251.291 -669.047 -2584.96 -2948.87 -2534.53 -1768.06 315.988 1183.42 367.039 -590.834 -1240.85 -1647.11 -1086.75 1728.51 5601.2 6895.69 6833.46 8139.55 8312.33 8683.46 13465.4 15615.3
1240000 -762.876 -4784.59 -6161.73 -5656.51 -1568.25 474.655 -897.065 861.454 5047.75 5631.99 6991.37 10536 13401.6 13910.9 11847 7656 4502.55 3991.27 5353.84 3423.47 3172.92 6510.54 3950.03 -1472.78 -4565.2 -6890.99 -7157.29 -6137.6 -7056.69 -8848.49 -11071.1 -11559.6 -12077.5 -15461.7 -15414.1 -12649.9 -10752 -6916.23 -2342.66 531.053 2884.47 6797.96 8679.74 6773.78 5953.91 6154.65 3915.25 3046.57 5161.94 2866.73 -3854.64
1242000 -6969.27 -5585.12 -4997.88 -2430.31 -1153.04 -1305.88 138.71 232.643 -1418.82 300.708 2872.82 1149.44 157.633 -1098.87 -2167.68 -2779.51 -964.74 -158.707 899.67 4304.1 5012.62 4188.61 4942.46 9847.42 13926.7 16298.1 17516.7 16329.5 14765.7 14214.5 13906.5 11208.4 10212.2 12452.9 11551.8 4569.44 -176.196 -2937.88 -9363.37 -10105.1 -7855.28 -9551.8 -11576.2 -12018.5 -14848.2 -16423.3 -14811.4 -14370.7 -15940.3 -13469.5 -11761.2
1244000 -9946.79 -4419.74 -2680.48 -4914.9 -7248.01 -8075.83 -10283.2 -12064.6 -13535.4 -15281.6 -15811.1 -11749.1 -6541.45 -5250.22 -2040.11 2613.19 4969.74 6859.54 7915.04 6217.21 3133.54 2927.03 3210.88 1961.62 -776.621 -2962.07 -4301.15 -7615.82 -6672.46 -3416.85 -3291.45 -831.374 1095.79 29.7589 2948.6 6777 7499.08 9721.3 13465.6 12024.9 8964.17 6916.74 5902.68 3826.14 4742.84 7509.47 8229.99 7020.96 5046.88 -242.993 -460.398
1246000 11272 18048.3 15702.4 17103 15705.7 11949.9 10755 11513.9 11561 11038.4 7648.16 1535.21 -4407.8 -6420.8 -6542.22 -7566.36 -7960.54 -8620.02 -11266.6 -12810.9 -14060.2 -14363.1 -15426.7 -14012.3 -12785.6 -13970.6 -11961.8 -7190.21 -5232.13 -5022.86 -1068.86 2098.11 631.024 1203.47 1518.72 662.674 838.106 627.77 327.644 -896.346 -1867.95 -1391.1 -1882.37 -2422.46 -1092.39 695.647 2168.03 5022.67 8264.45 13228.8 23351.3
1248000 -1107.24 -4632.52 -4790.33 -4195.48 -4392.23 -4012.9 -3138.3 -3292.96 -2500.14 532.841 4501.86 6865.68 8123.08 9948.08 9158.45 9471.03 10772.8 7915.7 6536.7 9172.48 9863.04 8828.44 8861.11 6503.19 2831.44 1146.7 58.5785 -1565.43 -3561.81 -4830.31 -8450.74 -11041.6 -11915.6 -11315.3 -12179.9 -10691.9 -9322.4 -8247.74 -5542.3 -2786.51 -2020.16 1898.12 6144.86 7276.32 5144.28 4008.65 1864.64 -522.71 -2639.22 -899.696 -2514.85
1250000 -11800.5 -13996.3 -11246.7 -8877.67 -4075.08 564.374 1929.27 3722.41 3301.41 -1439.4 -2218.32 2441.33 2592.15 -162.847 152.357 -979.479 -5042.22 -5963.68 -4022.69 -3727.49 -1166.67 2717.48 5483.36 7725.42 11245.3 14762.7 15647 17588.1 18970.3 17503.4 15280.4 13522.3 10669.9 9867.59 7963.41 4762.62 419.219 -2403.55 -4124.04 -5002.98 -4656.42 -5139.85 -8220.08 -9871.4 -9890.91 -11787.7 -13758.9 -12264.6 -13423.6 -16258.7 -21048.6
1252000 7907.48 1973.8 -287.03 -2185.38 -4818.28 -8096.1 -8219.28 -7273.6 -7872.28 -5487.41 -6071.86 -9651.86 -9088.83 -6517.52 -5382.55 -4079.23 -11.7419 3615.75 4698.96 3869.35 1682.67 -3657.02 -6061.44 -4447.52 -4214.69 -3515.72 -2394.45 -3288.01 -5227.68 -5130.87 -4451.12 -5384.19 -4807.47 -3257.16 -1408.65 1903.95 5122.25 5116.21 5426.73 8025.76 11446.9 11105 10270.9 10838.9 10321.1 9977.01 10952.6 9681.51 6631.89 5259.33 2235.95
1254000 8317.15 14404.8 17316.2 17546.8 16467.1 15238.9 12523.9 8786.06 6130.93 6730.93 4095.99 2966.02 2578 402.552 -78.7034 -9.2381 -2847.43 -5804.18 -7563.92 -10472.9 -9749.89 -7583.01 -8904.87 -9876.69 -12241.3 -15617 -17731 -14551.1 -8634.84 -5403.63 -3009.38 2572.03 4610.03 -679.929 -2506.42 -1717.72 -1720.93 -631.423 1390.09 318.491 -3141.13 -3835.98 -2385.09 -2917.51 -3623.18 -567.649 1076.15 2974.43 7899.07 10759 14162.5
1256000 -520.821 -2924.97 -4992.01 -3873.97 -3333.85 -4035.02 -4613.48 -5201.57 -5487.64 -3314.45 318.228 468.925 554.448 3843.65 7007.43 9345.57 11256.4 12305.2 11193.7 10396.2 10759.9 9901.35 7892.11 7467.4 6863.74 6794.59 5796.79 3202.63 222.794 -2616 -4280.99 -6831.26 -5109.39 -2344.14 -598.502 -1796.42 -2505.92 -3947.73 -8109.03 -8673.76 -5672.56 -6101.21 -6289.52 -1437.26 -2.0281 -2298.6 -4995.62 -5311.61 -6249 -5430.3 -4687.35
1258000 -16065.8 -14779 -13586.1 -13653.8 -10315.8 -4622.67 -1856.34 -110.213 911.659 -1997.37 -3670.64 -1114.37 595.947 129.677 -1411.31 -1815.06 -2127.71 -1638.86 -868.399 264.003 1991.96 3844.93 5931.5 5350.47 6916.26 10687.2 12634.7 11702.4 12616.7 13597.2 12045.2 7276.82 7001.91 6431.06 4857.38 4051.25 4042.29 3335.32 2908.06 3787.15 2450.95 1737.43 -917.935 -5694.97 -7777.58 -7306.86 -6959.99 -6602 -6721.27 -9716.42 -14595.3
1260000 15698 7982.81 7939.89 6583.91 3109.94 -158.064 -1559.1 -1201.72 247.578 1441.92 2044.41 640.203 -2095.18 -2877.69 -8839.17 -14127.7 -13933.1 -10707.3 -7592.23 -6575.49 -7257.54 -7057.64 -6879.35 -6976.93 -4522.19 -3926.62 -5563.97 -3442.78 -1187.85 -784.347 -223.258 -1232.63 -3466.46 -3493.96 -2429.92 -1850.73 -873.67 998.856 2188.25 4183.32 7324.93 10392.6 11481.2 11068.4 12528.2 9945.22 9182.2 7698.2 6274.8 7630.07 2508.26
1262000 8949.13 4828.03 4103.16 4552.81 5460.61 7510.81 7625.16 5871.42 4216.61 4897.95 5648.3 3165.02 1016.41 2493.52 5807.05 7434.96 6254.52 3251.34 -1282.82 -5041.15 -6721.95 -7293.45 -6697.98 -5412.7 -5979.97 -9358.09 -12432.4 -13687.8 -14863.6 -13536.4 -10924.7 -7735.38 -4125.11 -3434.68 -5107.34 -4369.51 -2264.32 -550.696 -885.931 -1049.98 -1795.76 -1037 763.466 2352.18 3872.03 5173.46 6147.74 5719.95 5139.05 5699.03 4273.91
1264000 -11134 -3021.36 -951.427 177.585 871.856 553.088 -1657.05 -1595.21 -204.772 -2747.56 -4607.32 -2640.38 194.014 -562.037 812.834 5820.07 8237.71 9110.99 10322.5 10203.5 10193.4 12034.7 11820.8 8160.68 6241.13 7768.97 9982.48 9412.78 8323.6 6486.31 4700.74 5455.29 5345.07 3606.12 3883.14 2177.32 -245.25 -1603.36 -3816.2 -9963.19 -15919.4 -18365.7 -17293.1 -15695.3 -13123.3 -9527.16 -10368 -8477.52 -5348.86 -5960.49 -1376.72
1266000 -936.5 -7242.49 -11110.9 -10897.9 -13820.4 -13352.3 -10574 -8389.3 -8794.48 -4917.52 -1926.32 -1249.78 -127.666 1125.64 -368.753 -2017.19 -144.395 2501.1 5670.43 8364.83 9117.84 6566.18 5152.06 5799.98 3902.83 703.193 1418.26 1260.95 1103.08 3308.15 5197.19 3558.69 1987.13 4026.29 7462.77 5526.76 4299.43 4260.24 3568.55 8149.73 11386 8960.77 4158.68 2090.59 -1061.42 -3255.23 -3273.89 -4396.71 -7025.29 -5598.98 -6115.13
1268000 6864.49 8846.86 9587.95 7753.27 8706.74 11061.5 10669.8 9434.96 7859.33 3799.37 535.979 -164.614 -3069 -6261.25 -8109.61 -11269.4 -17177.1 -20535.1 -18403 -17459.9 -16222.7 -13714.2 -10876.7 -8735.65 -3863.75 -1599.36 -2258.48 -2027.64 -498.789 -626.12 -2589.77 -993.195 103.293 -513.118 -1285.76 83.0835 -1605.37 -2016.04 461.124 776.117 1291.79 5288.65 9645.08 6654.08 4893.64 7637.79 10360.9 11737.4 13427 10166.6 10303.8
1270000 -1948.49 -3646.82 -1605.8 1470.32 1187.05 -240.702 -1549.02 -110.117 2999.56 6209.15 7729.42 6089.6 5542.41 8623.21 8969.31 7093.17 7407.84 5732.27 3371.19 2252.34 675.809 -317.975 -2247.2 -3395.98 -3958.41 -5979.44 -5746.7 -5927.09 -10500.1 -13320.8 -12777.6 -12513 -13240.7 -11933.7 -8842.47 -4934.96 -827.641 695.936 -1141.97 -1753.84 -777.36 210.167 3630.24 9718.78 11260.4 8132.04 7106.9 5062.1 1245.97 -740.491 -1381.99
1272000 6793.94 -1859.71 -2944.68 -4613.41 -4645.69 -1475.34 190.127 394.563 654.301 -425.797 -661.469 -134.9 -1117.72 -3279.87 -2619.26 2131.2 5338.4 4844.49 4022.98 5373.07 7161.53 9218.56 12265.1 13258.9 10830.7 9497.52 9874.83 10128.4 11016.1 13586.1 14481.9 14492.4 13462.8 9048.1 4684.48 1149.47 -2796.25 -5515.12 -5258.86 -5686.28 -9512.83 -13570.9 -17493.3 -19794.5 -18378.5 -17450.4 -16233.1 -12325.5 -7902.62 -3153.55 -9554.98
1274000 -11626.3 -3236.39 -3525.85 -5403.54 -8647.78 -10962.4 -12298.5 -12687 -12374.9 -11062.6 -6856.57 -1900.45 427.682 -393.342 -1225.93 12.3965 630.668 4206.52 8538.93 9027.66 7080.26 4970.25 2420.81 522.601 -1868.08 -4861.57 -6404.86 -4677.22 -1889.57 -1926.64 -2601.62 -2246.19 -740.242 1895.33 5253.11 7844.63 8900.36 10349.7 9494.37 8578.17 7570.47 7065.91 5617.14 5282.4 5613.31 4633.63 2298.75 1082.11 -1986.99 -4479.75 4261.22
1276000 10790.9 10547.9 10064.8 13685.2 15929.2 15071.4 14938 12921.4 9013.81 5239.31 720.252 -4780.25 -6859.34 -4673.43 -4901.92 -7558.5 -10864.7 -14972.7 -17537 -17712.3 -17573.4 -16836.4 -14752.6 -9423.75 -4113.99 -1146.72 -614.552 -3974.06 -6798.65 -6467.97 -3962.3 -1393.51 405.437 397.768 -343.599 154.481 269.646 -2991.78 -4266.33 -1984.19 -565.381 120.696 2545.26 1849.92 1540.77 4922.81 7770.28 9206.63 11378.2 13092.6 12446
1278000 -9594.2 -6543.61 -5754.44 -5828.58 -4186.05 -2996.22 -3123.56 -2932.16 1699.79 5221.68 5687.4 9811.24 11003.5 9038.23 7270.93 6948.58 5315.83 6924.18 9847.9 8441.68 6875.8 6314.42 3285.11 -1616.81 -3318.03 -2335.58 -966.172 -1271.9 -2621.62 -6278.4 -9499.98 -10527.2 -10972.7 -10787.7 -10838.4 -9284.53 -5614.82 -1493.13 1378.66 128.16 1735.59 5115.9 5882.75 6527.38 6668.6 5937.97 4172.97 2356.1 112.647 -2791.02 -817.988
1280000 1855.31 -3083.69 -3890.85 -6218.58 -5752.79 -3658.8 -884.409 -313.115 -826.651 -17.5062 814.409 -329.757 -1912.77 -1294.92 -1941.24 -2347.56 307.355 915.632 -923.575 986.642 4531.43 6349.63 8810.66 11618.9 11524.1 12419.7 14224.7 14025.6 14798 17983.4 18881.8 15045.4 12270 11340.4 8041.17 1141.79 -4537.19 -5368.91 -5700.98 -6211 -7615.61 -9346.69 -12252.8 -12836.3 -14000.1 -16440.2 -16125.5 -15125.5 -13385.2 -9853.74 -11883.8
