-2.600741343290684959e+00
-2.457192559494096040e-01
2.109302833745951400e+00
4.464324923137861667e+00
6.819347015590025762e+00
9.174369107753305386e+00
1.152939120360295533e+01
1.388441329831610460e+01
1.623943539836223948e+01
1.859445749690002359e+01
2.094947959992646247e+01
2.330450170074009719e+01
2.565952380532420563e+01
2.801454590801489175e+01
3.036956801409697704e+01
3.272459011714220622e+01
3.507961222309347704e+01
3.743463432543563130e+01
3.978965643016354647e+01
4.214467853247504081e+01
4.449970063614641447e+01
4.685472273659343045e+01
4.920974483743126626e+01
5.156476693493566898e+01
5.391978903182120320e+01
5.627481112570367117e+01
5.862983321781798196e+01
6.098485530726990334e+01
6.333987739477692713e+01
6.569489947992482826e+01
6.804992156325194230e+01
7.040494364483905088e+01
7.275996572429770026e+01
7.511498780273518605e+01
7.747000987952867490e+01
7.982503195543417007e+01
8.218005402942432625e+01
8.453507610302445130e+01
8.689009817386853740e+01
8.924512024428771895e+01
9.160014231121996886e+01
9.395516437768270634e+01
9.631018643984775451e+01
9.866520850154508082e+01
1.010202305591055705e+02
1.033752526171760877e+02
1.057302746704794174e+02
1.080852967245600809e+02
1.104403187746904393e+02
1.127953408248108076e+02
1.151503628730320941e+02
1.175053849210524106e+02
1.198604069679107624e+02
1.222154290148084925e+02
1.245704510612792006e+02
1.269254731069802773e+02
1.292804951546916925e+02
1.316355172013738581e+02
1.339905392508266289e+02
1.363455612992693204e+02
1.387005833522374587e+02
1.410556054044170367e+02
1.434106274621102273e+02
1.457656495205758063e+02
1.481206715859712517e+02
1.504756936523539821e+02
1.528307157271158303e+02
1.551857378049899125e+02
1.575407598913991194e+02
1.598957819825495505e+02
1.622508040834073881e+02
1.646058261892043788e+02
1.669608483042930231e+02
1.693158704261792309e+02
1.716708925565231425e+02
1.740259146935436831e+02
1.763809368393821728e+02
1.787359589901598440e+02
1.810909811477443725e+02
1.834460033108181847e+02
1.858010254792444584e+02
1.881560476519445899e+02
1.905110698299929481e+02
1.928660920106718208e+02
1.952211141959819543e+02
1.975761363838597617e+02
1.999311585745916204e+02
2.022861807665805429e+02
2.046412029615442236e+02
2.069962251565297606e+02
2.093512473540286862e+02
2.117062695506462546e+02
2.140612917492060774e+02
2.164163139449852054e+02
2.187713361429549366e+02
2.211263583385985498e+02
2.234813805365740507e+02
2.258364027304182002e+02
2.281914249273328323e+02
2.305464471205592076e+02
2.329014693159313367e+02
2.352564915082353423e+02
2.376115137031531503e+02
2.399665358939178077e+02
2.423215580868605059e+02
2.446765802774155816e+02
2.470316024692764643e+02
2.493866246584098576e+02
2.517416468489223007e+02
2.540966690366167029e+02
2.564516912257803369e+02
2.588067134136244931e+02
2.611617356024170817e+02
2.635167577900189713e+02
2.658717799784978979e+02
2.682268021651543677e+02
2.705818243522882653e+02
2.729368465379296254e+02
2.752918687232715911e+02
2.776468909073437317e+02
2.800019130910165472e+02
2.823569352731821027e+02
2.847119574551500705e+02
2.870669796365810953e+02
2.894220018180694751e+02
2.917770240005806386e+02
2.941320461842517489e+02
2.964870683690542137e+02
2.988420905571204003e+02
3.011971127472964440e+02
3.035521349415817554e+02
3.059071571400838820e+02
3.082621793441772979e+02
3.106172015526166774e+02
3.129722237687307143e+02
3.153272459912940917e+02
3.176822682225730432e+02
3.200372904614410459e+02
3.223923127104252444e+02
3.247473349670465836e+02
3.271023572349331516e+02
3.294573795123517357e+02
3.318124018002476987e+02
3.341674240976317378e+02
3.365224464057462797e+02
3.388774687227089544e+02
3.412324910509471465e+02
3.435875133876667178e+02
3.459425357349143724e+02
3.482975580900998125e+02
3.506525804555184891e+02
3.530076028287952568e+02
3.553626252120465097e+02
3.577176476020910627e+02
3.600726700015644042e+02
3.624276924070666723e+02
3.647827148213680175e+02
3.671377372410792077e+02
3.694927596689544771e+02
3.718477821018970531e+02
3.742028045411716448e+02
3.765578269861497915e+02
3.789128494375590890e+02
3.812678718938662996e+02
3.836228943567584224e+02
3.859779168247844154e+02
3.883329392982341233e+02
3.906879617772289066e+02
3.930429842615091047e+02
3.953980067507317244e+02
3.977530292444834004e+02
4.001080517428825374e+02
4.024630742441851226e+02
4.048180967491370552e+02
4.071731192560853287e+02
4.095281417660695524e+02
4.118831642765225070e+02
4.142381867904706496e+02
4.165932093026433449e+02
4.189482318177072102e+02
4.213032543306452453e+02
4.236582768455119208e+02
4.260132993563801165e+02
4.283683218698679980e+02
4.307233443782472477e+02
4.330783668885972588e+02
4.354333893945149612e+02
4.377884119015793090e+02
4.401434344038837594e+02
4.424984569078982304e+02
4.448534794082748931e+02
4.472085019089828961e+02
4.495635244070085719e+02
4.519185469047239394e+02
4.542735694001528941e+02
4.566285918947181699e+02
4.589836143881038311e+02
4.613386368786199796e+02
4.636936593683224714e+02
4.660486818539592946e+02
4.684037043394976649e+02
4.707587268196856485e+02
4.731137492996525680e+02
4.754687717725981884e+02
4.778237942446211832e+02
4.801788167086541534e+02
4.825338391719413380e+02
4.848888616268012015e+02
4.872438840793817576e+02
4.895989065236512374e+02
4.919539289654287586e+02
4.943089513996478672e+02
4.966639738315121235e+02
4.990189962570237867e+02
5.013740186790352595e+02
5.037290410956170490e+02
5.060840635088347312e+02
5.084390859186048601e+02
5.107941083244479046e+02
5.131491307286036090e+02
5.155041531296838002e+02
5.178591755292253538e+02
5.202141979273019388e+02
5.225692203264304680e+02
5.249242427232578621e+02
5.272792651227874785e+02
5.296342875217535493e+02
5.319893099242290191e+02
5.343443323268636505e+02
5.366993547339875477e+02
5.390543771416071195e+02
5.414093995542758648e+02
5.437644219679889375e+02
5.461194443883127860e+02
5.484744668101951675e+02
5.508294892380962438e+02
5.531845116679583043e+02
5.555395341047211559e+02
5.578945565436374636e+02
5.602495789891980849e+02
5.626046014383471174e+02
5.649596238942485797e+02
5.673146463539139859e+02
5.696696688201612915e+02
5.720246912901289988e+02
5.743797137667849029e+02
5.767347362468719894e+02
5.790897587339959500e+02
5.814447812265208313e+02
5.837998037251427377e+02
5.861548262267981499e+02
5.885098487360978652e+02
5.908648712480986660e+02
5.932198937683431268e+02
5.955749162927694442e+02
5.979299388253364214e+02
6.002849613598606311e+02
6.026399839034447723e+02
6.049950064490291197e+02
6.073500290028349582e+02
6.097050515585719950e+02
6.120600741215357630e+02
6.144150966847228119e+02
6.167701192546669517e+02
6.191251418247381935e+02
6.214801643994030655e+02
6.238351869738437472e+02
6.261902095523936396e+02
6.285452321303852159e+02
6.309002547114479285e+02
6.332552772908023826e+02
6.356102998720613186e+02
6.379653224498254076e+02
6.403203450289747707e+02
6.426753676047209183e+02
6.450303901820230976e+02
6.473854127540405443e+02
6.497404353268271961e+02
6.520954578933218500e+02
6.544504804597631846e+02
6.568055030201687714e+02
6.591605255807750154e+02
6.615155481343394968e+02
6.638705706872942756e+02
6.662255932332922157e+02
6.685806157780837111e+02
6.709356383167912554e+02
6.732906608537618922e+02
6.756456833848330916e+02
6.780007059138719114e+02
6.803557284370621119e+02
6.827107509585997605e+02
6.850657734751630414e+02
6.874207959903725396e+02
6.897758185018950599e+02
6.921308410126424633e+02
6.944858635198590946e+02
6.968408860267611544e+02
6.991959085308510566e+02
7.015509310360058635e+02
7.039059535394177374e+02
7.062609760443290270e+02
7.086159985481727972e+02
7.109710210539419677e+02
7.133260435583555363e+02
7.156810660651659646e+02
7.180360885716033863e+02
7.203911110801137738e+02
7.227461335883133415e+02
7.251011560994804768e+02
7.274561786104308112e+02
7.298112011245040094e+02
7.321662236391911165e+02
7.345212461567862192e+02
7.368762686739960373e+02
7.392312911950212992e+02
7.415863137157219853e+02
7.439413362399707239e+02
7.462963587647184340e+02
7.486513812927142908e+02
7.510064038212336754e+02
7.533614263540210914e+02
7.557164488879129749e+02
7.580714714261558811e+02
7.604264939665231395e+02
7.627815165115059699e+02
7.651365390590702873e+02
7.674915616124843609e+02
7.698465841692875529e+02
7.722016067313114718e+02
7.745566292968310336e+02
7.769116518687322923e+02
7.792666744438331534e+02
7.816216970253260570e+02
7.839767196103249489e+02
7.863317422009157553e+02
7.886867647945889530e+02
7.910417873939628635e+02
7.933968099967318039e+02
7.957518326031499782e+02
7.981068552118842945e+02
8.004618778240501342e+02
8.028169004373472717e+02
8.051719230530308096e+02
8.075269456700009414e+02
8.098819682877708601e+02
8.122369909058137409e+02
8.145920135244840594e+02
8.169470361413071942e+02
8.193020587585016301e+02
8.216570813739805317e+02
8.240121039898050412e+02
8.263671266025030491e+02
8.287221492160484786e+02
8.310771718261728438e+02
8.334321944364592127e+02
8.357872170442534525e+02
8.381422396534065911e+02
8.404972622589285720e+02
8.428522848663668583e+02
8.452073074716083738e+02
8.475623300778498788e+02
8.499173526828391232e+02
8.522723752893067513e+02
8.546273978936152389e+02
8.569824204982313631e+02
8.593374430998711659e+02
8.616924657006223924e+02
8.640474882987745104e+02
8.664025108948627576e+02
8.687575334871041832e+02
8.711125560775797112e+02
8.734675786624785587e+02
8.758226012456299259e+02
8.781776238228859484e+02
8.805326463969497581e+02
8.828876689639544111e+02
8.852426915274079420e+02
8.875977140841721393e+02
8.899527366373570203e+02
8.923077591824819592e+02
8.946627817233808173e+02
8.970178042562914698e+02
8.993728267832324264e+02
9.017278493027991999e+02
9.040828718160305471e+02
9.064378943217691358e+02
9.087929168208548845e+02
9.111479393124590160e+02
9.135029617973729046e+02
9.158579842750293665e+02
9.182130067452552566e+02
9.205680292084315397e+02
9.229230516648277671e+02
9.252780741135476319e+02
9.276330965550127985e+02
9.299881189896657361e+02
9.323431414172187033e+02
9.346981638372889165e+02
9.370531862506452399e+02
9.394082086564196743e+02
9.417632310553880188e+02
9.441182534458801001e+02
9.464732758308290386e+02
9.488282982070661546e+02
9.511833205784546408e+02
9.535383429417870502e+02
9.558933653019346366e+02
9.582483876525938058e+02
9.606034100005376786e+02
9.629584323394511784e+02
9.653134546763014896e+02
9.676684770044259949e+02
9.700234993320653984e+02
9.723785216501215700e+02
9.747335439681133948e+02
9.770885662778694041e+02
9.794435885887356790e+02
9.817986108906908385e+02
9.841536331954978323e+02
9.865086554913880263e+02
9.888636777901361938e+02
9.912187000802188095e+02
9.935737223740292166e+02
9.959287446586997703e+02
9.982837669463577868e+02
1.000638789225605137e+03
1.002993811506837233e+03
1.005348833779138545e+03
1.007703856052523292e+03
1.010058878317825588e+03
1.012413900582092651e+03
1.014768922839063976e+03
1.017123945093568523e+03
1.019478967341683187e+03
1.021833989585543463e+03
1.024189011823598548e+03
1.026544034056280452e+03
1.028899056284691142e+03
1.031254078505805637e+03
1.033609100723718711e+03
1.035964122933239651e+03
1.038319145139060993e+03
1.040674167336721894e+03
1.043029189531626798e+03
1.045384211717577728e+03
1.047739233900802901e+03
1.050094256075746443e+03
1.052449278246928316e+03
1.054804300410978612e+03
1.057159322571435268e+03
1.059514344724593684e+03
1.061869366873550234e+03
1.064224389016916803e+03
1.066579411154409399e+03
1.068934433287468892e+03
1.071289455415045495e+03
1.073644477538515048e+03
1.075999499656214084e+03
1.078354521772565931e+03
1.080709543883016977e+03
1.083064565993373890e+03
1.085419588098250415e+03
1.087774610203086013e+03
1.090129632302152231e+03
1.092484654402286651e+03
1.094839676496085531e+03
1.097194698590364169e+03
1.099549720678675385e+03
1.101904742766601430e+03
1.104259764848621444e+03
1.106614786930856098e+03
1.108969809007920730e+03
1.111324831085186133e+03
1.113679853159478398e+03
1.116034875234366382e+03
1.118389897308021546e+03
1.120744919381936597e+03
1.123099941456520355e+03
1.125454963530635496e+03
1.127809985606448208e+03
1.130165007682196347e+03
1.132520029761599744e+03
1.134875051840308743e+03
1.137230073924153203e+03
1.139585096006467211e+03
1.141940118095028538e+03
1.144295140182673094e+03
1.146650162276759374e+03
1.149005184370263351e+03
1.151360206471479387e+03
1.153715228571888929e+03
1.156070250680332265e+03
1.158425272788017537e+03
1.160780294902061314e+03
1.163135317015334067e+03
1.165490339134906662e+03
1.167845361254517002e+03
1.170200383379265759e+03
1.172555405503663678e+03
1.174910427631116136e+03
1.177265449757724582e+03
1.179620471885972620e+03
1.181975494014581500e+03
1.184330516143343402e+03
1.186685538271964333e+03
1.189040560399048900e+03
1.191395582525418149e+03
1.193750604649193292e+03
1.196105626772297455e+03
1.198460648892036716e+03
1.200815671010074539e+03
1.203170693123817500e+03
1.205525715236119368e+03
1.207880737343696410e+03
1.210235759449508350e+03
1.212590781550695283e+03
1.214945803649208074e+03
1.217300825742647930e+03
1.219655847833992539e+03
1.222010869921101630e+03
1.224365892005420164e+03
1.226720914085892673e+03
1.229075936163442975e+03
1.231430958238034464e+03
1.233785980309923161e+03
1.236141002379295287e+03
1.238496024445059902e+03
1.240851046509585103e+03
1.243206068569597392e+03
1.245561090629215869e+03
1.247916112684903055e+03
1.250271134739381068e+03
1.252626156789182005e+03
1.254981178839693030e+03
1.257336200885559265e+03
1.259691222932011897e+03
1.262046244974761294e+03
1.264401267018006138e+03
1.266756289058858783e+03
1.269111311100587500e+03
1.271466333140723464e+03
1.273821355181220724e+03
1.276176377221372377e+03
1.278531399260576563e+03
1.280886421301186829e+03
1.283241443340013120e+03
1.285596465379951951e+03
1.287951487418460829e+03
1.290306509459097015e+03
1.292661531497651367e+03
1.295016553539395090e+03
1.297371575578369175e+03
1.299726597621257042e+03
1.302081619662895491e+03
1.304436641709060495e+03
1.306791663753543617e+03
1.309146685802799084e+03
1.311501707851094125e+03
1.313856729904510757e+03
1.316211751957797105e+03
1.318566774017044509e+03
1.320921796075179373e+03
1.323276818139118859e+03
1.325631840202869398e+03
1.327986862271164000e+03
1.330341884340871047e+03
1.332696906414072373e+03
1.335051928488782551e+03
1.337406950566916748e+03
1.339761972647030234e+03
1.342116994728388363e+03
1.344472016812608899e+03
1.346827038896970407e+03
1.349182060984903728e+03
1.351537083072391624e+03
1.353892105164634586e+03
1.356247127256051272e+03
1.358602149352868764e+03
1.360957171448780628e+03
1.363312193552045755e+03
1.365667215654455958e+03
1.368022237765000909e+03
1.370377259875906702e+03
1.372732281995222820e+03
1.375087304115560755e+03
1.377442326244590049e+03
1.379797348374386729e+03
1.382152370513263804e+03
1.384507392654452133e+03
1.386862414803496904e+03
1.389217436955965468e+03
1.391572459115712263e+03
1.393927481279413769e+03
1.396282503449506066e+03
1.398637525625177886e+03
1.400992547806591119e+03
1.403347569993502020e+03
1.405702592185151389e+03
1.408057614384059661e+03
1.410412636585610471e+03
1.412767658795597072e+03
1.415122681007447227e+03
1.417477703228658129e+03
1.419832725450109592e+03
1.422187747682248755e+03
1.424542769913576421e+03
1.426897792156440119e+03
1.429252814397619659e+03
1.431607836651544631e+03
1.433962858903397091e+03
1.436317881167535688e+03
1.438672903428903510e+03
1.441027925703206392e+03
1.443382947974716672e+03
1.445737970258685436e+03
1.448092992540229716e+03
1.450448014832520812e+03
1.452803037121490888e+03
1.455158059420818290e+03
1.457513081717618661e+03
1.459868104023955993e+03
1.462223126327641239e+03
1.464578148638800485e+03
1.466933170947588451e+03
1.469288193263157382e+03
1.471643215576768171e+03
1.473998237896133105e+03
1.476353260214223837e+03
1.478708282535520993e+03
1.481063304856167633e+03
1.483418327179798780e+03
1.485773349503191639e+03
1.488128371827782530e+03
1.490483394153357949e+03
1.492838416479209855e+03
1.495193438807670645e+03
1.497548461136427477e+03
1.499903483468682907e+03
1.502258505801678666e+03
1.504613528140160270e+03
1.506968550479641408e+03
1.509323572826263899e+03
1.511678595174677639e+03
1.514033617530163383e+03
1.516388639888476291e+03
1.518743662254771607e+03
1.521098684623560757e+03
1.523453706999534006e+03
1.525808729377650025e+03
1.528163751762130005e+03
1.530518774150020818e+03
1.532873796543169192e+03
1.535228818939521489e+03
1.537583841340103390e+03
1.539938863743777347e+03
1.542293886151062679e+03
1.544648908563043051e+03
1.547003930977161872e+03
1.549358953395279514e+03
1.551713975814279365e+03
1.554068998238313725e+03
1.556424020663016336e+03
1.558779043093922610e+03
1.561134065524601510e+03
1.563489087961731229e+03
1.565844110398297744e+03
1.568199132842190011e+03
1.570554155285942215e+03
1.572909177737179334e+03
1.575264200187141341e+03
1.577619222644218553e+03
1.579974245100749840e+03
1.582329267564422935e+03
1.584684290027263387e+03
1.587039312495740660e+03
1.589394334963749770e+03
1.591749357436930495e+03
1.594104379911540946e+03
1.596459402391497633e+03
1.598814424872520249e+03
1.601169447357345007e+03
1.603524469844543319e+03
1.605879492335556733e+03
1.608234514829283853e+03
1.610589537325914307e+03
1.612944559823832606e+03
1.615299582323611048e+03
1.617654604825129809e+03
1.620009627328172201e+03
1.622364649831564975e+03
1.624719672335392033e+03
1.627074694839097674e+03
1.629429717342451340e+03
1.631784739845327977e+03
1.634139762348029763e+03
1.636494784849734742e+03
1.638849807350920173e+03
1.641204829851236582e+03
1.643559852351704876e+03
1.645914874850064734e+03
1.648269897349011217e+03
1.650624919845687373e+03
1.652979942343368521e+03
1.655334964838811629e+03
1.657689987336808372e+03
1.660045009831401785e+03
1.662400032329019041e+03
1.664755054823506725e+03
1.667110077321417521e+03
1.669465099817091868e+03
1.671820122317435334e+03
1.674175144815067824e+03
1.676530167317186169e+03
1.678885189817152423e+03
1.681240212321071340e+03
1.683595234823318378e+03
1.685950257329931901e+03
1.688305279835635019e+03
1.690660302345070477e+03
1.693015324853981156e+03
1.695370347365356110e+03
1.697725369877068033e+03
1.700080392390965699e+03
1.702435414906060942e+03
1.704790437422526566e+03
1.707145459939833017e+03
1.709500482456602640e+03
1.711855504975649637e+03
1.714210527493063410e+03
1.716565550012132007e+03
1.718920572530120580e+03
1.721275595049400863e+03
1.723630617566046794e+03
1.725985640083958060e+03
1.728340662598811605e+03
1.730695685113745185e+03
1.733050707625586028e+03
1.735405730138067383e+03
1.737760752646528090e+03
1.740115775155006759e+03
1.742470797659839718e+03
1.744825820163456910e+03
1.747180842663916792e+03
1.749535865164229335e+03
1.751890887659637428e+03
1.754245910155170350e+03
1.756600932646048250e+03
1.758955955135814520e+03
1.761310977620745234e+03
1.763666000104802606e+03
1.766021022583566491e+03
1.768376045061952482e+03
1.770731067534445629e+03
1.773086090006196855e+03
1.775441112472349232e+03
1.777796134936916815e+03
1.780151157395971040e+03
1.782506179854753100e+03
1.784861202307927897e+03
1.787216224760294381e+03
1.789571247208596333e+03
1.791926269656115437e+03
1.794281292099045913e+03
1.796636314541884758e+03
1.798991336981404174e+03
1.801346359420955196e+03
1.803701381858397781e+03
1.806056404296098208e+03
1.808411426731895290e+03
1.810766449167969768e+03
1.813121471602834390e+03
1.815476494037599196e+03
1.817831516472270323e+03
1.820186538906363694e+03
1.822541561340836779e+03
1.824896583775469935e+03
1.827251606211360468e+03
1.829606628647429716e+03
1.831961651085568292e+03
1.834316673523939698e+03
1.836671695965262643e+03
1.839026718407563749e+03
1.841381740853416204e+03
1.843736763300934854e+03
1.846091785752064425e+03
1.848446808204818581e+03
1.850801830662409202e+03
1.853156853122411576e+03
1.855511875586571250e+03
1.857866898052828901e+03
1.860221920522927121e+03
1.862576942994632873e+03
1.864931965470763544e+03
1.867286987950149296e+03
1.869642010433536598e+03
1.871997032919710364e+03
1.874352055410513003e+03
1.876707077904264224e+03
1.879062100402205715e+03
1.881417122905131237e+03
1.883772145412390728e+03
1.886127167924102196e+03
1.888482190442090769e+03
1.890837212965022445e+03
1.893192235493484986e+03
1.895547258028085935e+03
1.897902280567984917e+03
1.900257303112983891e+03
1.902612325663350020e+03
1.904967348218682446e+03
1.907322370778966615e+03
1.909677393344235043e+03
1.912032415912719216e+03
1.914387438485515986e+03
1.916742461061455742e+03
1.919097483640942755e+03
1.921452506223329010e+03
1.923807528809259793e+03
1.926162551397217385e+03
1.928517573988908453e+03
1.930872596583530367e+03
1.933227619181559248e+03
1.935582641782133123e+03
1.937937664385676726e+03
1.940292686991541132e+03
1.942647709600438020e+03
1.945002732212014735e+03
1.947357754826333803e+03
1.949712777442491642e+03
1.952067800061282469e+03
1.954422822681201296e+03
1.956777845303517552e+03
1.959132867926915651e+03
1.961487890552029512e+03
1.963842913177281616e+03
1.966197935803509381e+03
1.968552958429258751e+03
1.970907981056125891e+03
1.973263003681492819e+03
1.975618026307226955e+03
1.977973048929898823e+03
1.980328071552343545e+03
1.982683094170542745e+03
1.985038116788147818e+03
1.987393139400654945e+03
1.989748162012225748e+03
1.992103184616877115e+03
1.994458207221186967e+03
1.996813229817236788e+03
1.999168252411998310e+03
2.001523274997714225e+03
2.003878297581599099e+03
2.006233320154775811e+03
2.008588342725274742e+03
2.010943365283858157e+03
2.013298387838919552e+03
2.015653410381077492e+03
2.018008432919145662e+03
2.020363455443425664e+03
2.022718477963255282e+03
2.025073500469969531e+03
2.027428522972238625e+03
2.029783545461963286e+03
2.032138567948221635e+03
2.034493590422412581e+03
2.036848612893150403e+03
2.039203635352785341e+03
2.041558657808813678e+03
2.043913680254781184e+03
2.046268702697214167e+03
2.048623725131325955e+03
2.050978747561046021e+03
2.053333769983821185e+03
2.055688792402998843e+03
2.058043814816602662e+03
2.060398837226926389e+03
2.062753859632925469e+03
2.065108882034908675e+03
2.067463904435130644e+03
2.069818926831504541e+03
2.072173949227053981e+03
2.074528971620120501e+03
2.076883994012148833e+03
2.079239016400703349e+03
2.081594038790770810e+03
2.083949061176240320e+03
2.086304083562394226e+03
2.088659105945355350e+03
2.091014128329196865e+03
2.093369150708918824e+03
2.095724173091518423e+03
2.098079195469231308e+03
2.100434217848660410e+03
2.102789240223643901e+03
2.105144262600418188e+03
2.107499284972885562e+03
2.109854307348063230e+03
2.112209329719673406e+03
2.114564352093848356e+03
2.116919374465991041e+03
2.119274396840826739e+03
2.121629419214404152e+03
2.123984441591916493e+03
2.126339463968475229e+03
2.128694486347723341e+03
2.131049508728277942e+03
2.133404531111323649e+03
2.135759553495300224e+03
2.138114575881460951e+03
2.140469598267711717e+03
2.142824620654464525e+03
2.145179643041761665e+03
2.147534665428345306e+03
2.149889687814847548e+03
2.152244710198970097e+03
2.154599732581919852e+03
2.156954754961242543e+03
2.159309777339226457e+03
2.161664799710757961e+03
2.164019822079997994e+03
2.166374844442327685e+03
2.168729866801199933e+03
2.171084889151713924e+03
2.173439911498889614e+03
2.175794933836769815e+03
2.178149956170764654e+03
2.180504978495409887e+03
2.182860000815871899e+03
2.185215023126954293e+03
2.187570045432694315e+03
2.189925067729141574e+03
2.192280090020305124e+03
2.194635112301293248e+03
2.196990134576805303e+03
2.199345156842530741e+03
2.201700179102005222e+03
2.204055201352301083e+03
2.206410223596511969e+03
2.208765245831585617e+03
2.211120268060928083e+03
2.213475290281147863e+03
2.215830312494726059e+03
2.218185334700385283e+03
2.220540356900033203e+03
2.222895379091442464e+03
2.225250401277220135e+03
2.227605423455519031e+03
2.229960445627490117e+03
2.232315467792233903e+03
2.234670489951688978e+03
2.237025512103523397e+03
2.239380534250134588e+03
2.241735556389679459e+03
2.244090578524848297e+03
2.246445600653244583e+03
2.248800622777265744e+03
2.251155644895810383e+03
2.253510667010350971e+03
2.255865689120659681e+03
2.258220711227897027e+03
2.260575733332987966e+03
2.262930755434332696e+03
2.265285777535264515e+03
2.267640799632864400e+03
2.269995821731369233e+03
2.272350843826303844e+03
2.274705865924442605e+03
2.277060888017880188e+03
2.279415910115249972e+03
2.281770932207844453e+03
2.284125954304691277e+03
2.286480976395508605e+03
2.288835998491565988e+03
2.291191020580531131e+03
2.293546042674729961e+03
2.295901064761391808e+03
2.298256086853888519e+03
2.300611108937953759e+03
2.302966131027659230e+03
2.305321153109297029e+03
2.307676175195952510e+03
2.310031197275472550e+03
2.312386219360511859e+03
2.314741241438614452e+03
2.317096263522184017e+03
2.319451285600177016e+03
2.321806307682801616e+03
2.324161329761446268e+03
2.326516351844064957e+03
2.328871373924000636e+03
2.331226396007623407e+03
2.333581418089750969e+03
2.335936440174463769e+03
2.338291462258961474e+03
2.340646484344778401e+03
